;代码	 	x	 	y	 	名称	 	范围	 	数量	 	时间
;3    330   330    神鹰       20      5     60
3    356   333    元宝树     0       1     60
;比齐城	 		 		 		 		 		 	
0111	 	8	 	12	 	练功师	 	0	 	1	 	101
;白日门馆长屋	 		 		 		 		 		 	
1002	 	12	 	12	 	虎卫	 	5	 	1	 	60

;比奇大地图	 		 		 		 		 		 	
0	 	665	 	87	 	弓箭护卫	 	0	 	1	 	103
0	 	666	 	86	 	弓箭护卫	 	0	 	1	 	104
0	 	671	 	94	 	弓箭护卫	 	0	 	1	 	105
0	 	672	 	93	 	弓箭护卫	 	0	 	1	 	106

;行会之地
GA0                                    50    46  弓箭护卫	 	0	 	1	 	107
GA0                                    46    50  弓箭护卫	 	0	 	1	 	108
 		 		 		 		 		 	
;比奇大地图	 		 		 		 		 		 	
0	 	340	 	513	 	弓箭护卫	 	0	 	1	 	109
0	 	341	 	514	 	弓箭护卫	 	0	 	1	 	110
0	 	367	 	487	 	弓箭护卫	 	0	 	1	 	111
0	 	368	 	488	 	弓箭护卫	 	0	 	1	 	112
0	 	318	 	244	 	弓箭护卫	 	0	 	1	 	113
0	 	300	 	207	 	弓箭护卫	 	0	 	1	 	114
0	 	310	 	227	 	弓箭护卫	 	0	 	1	 	115
0	 	313	 	230	 	弓箭护卫	 	0	 	1	 	116
0	 	309	 	286	 	弓箭护卫	 	0	 	1	 	117
0	 	329	 	289	 	弓箭护卫	 	0	 	1	 	118
0	 	355	 	280	 	弓箭护卫	 	0	 	1	 	119
0	 	362	 	301	 	弓箭护卫	 	0	 	1	 	120
0	 	374	 	291	 	弓箭护卫	 	0	 	1	 	121
0	 	321	 	257	 	弓箭护卫	 	0	 	1	 	122
0	 	301	 	319	 	弓箭护卫	 	0	 	1	 	123
0	 	335	 	309	 	弓箭护卫	 	0	 	1	 	124
0	 	339	 	313	 	弓箭护卫	 	0	 	1	 	125

;盟重大地图	 		 		
3	 	325	 	311	 	弓箭护卫	 	0	 	1	 	126
3	 	348	 	332	 	弓箭护卫	 	0	 	1	 	8
3	 	296	 	334	 	弓箭护卫	 	0	 	1	 	127
3	 	302	 	340	 	弓箭护卫	 	0	 	1	 	128
3	 	305	 	290	 	弓箭护卫	 	0	 	1	 	129
3	 	288	 	305	 	弓箭护卫	 	0	 	1	 	130
3	 	302	 	370	 	弓箭护卫	 	0	 	1	 	131
3	 	336	 	321	 	弓箭护卫	 	0	 	1	 	132
3	 	339	 	313	 	弓箭护卫	 	0	 	1	 	133
3	 	273	 	743	 	弓箭护卫	 	0	 	1	 	134
3	 	272	 	744	 	弓箭护卫	 	0	 	1	 	135
3	 	512	 	770	 	弓箭护卫	 	0	 	1	 	136
3	 	519	 	777	 	弓箭护卫	 	0	 	1	 	137


;比奇城
0    292  619   鹿        5  30 4
0    292  619   稻草人    25 30 7
0    292  619   鸡        25 30 3
0    292  619   鹿        25 30 4

0    639  618  鹿     25  30  4
0    639  618  稻草人 25  30  7
0    639  618  鸡     25  30  3
0    639  618  鹿     25  30  4

0    292  619   鹿        100  100  4
0    292  619   稻草人    100  100  7
0    292  619   鸡        100  100  3
0    292  619   鹿        100  100  4

0    639  618  鹿     100  100  4
0    639  618  稻草人 100  100  7
0    639  618  鸡     100  100  3
0    639  618  鹿     100  100  4




;比奇矿区,废矿入口
D401            100             100              僵尸2                 100              100             30
D401            100             100              僵尸1                 100              30             20
D401            100             100              僵尸3                 100              100             10
D401            100             100              僵尸4                 100              100             10
D401            100             100              僵尸5                 100              100             10
D401            100             100              尸王                 100                5            30

D403            100             100              僵尸2                 100              100             30
D403            100             100              僵尸1                 100              100             20
D403            100             100              僵尸3                 100              100             10
D403            100             100              僵尸4                 100              100             10
D403            100             100              僵尸5                 100              100             10
D403            100             100              尸王                 100                10             30

D404            100             100              僵尸2                 100              100             15
D404            100             100              僵尸1                 100              100             23
D404            100             100              僵尸3                 100              300             17
D404            100             100              僵尸4                 100              100             20
D404            100             100              僵尸5                 100              100             28


;特殊
D404            137             31              僵尸2                 8              5               15
D404            137             31              僵尸1                 6              10              23
D404            137             31               僵尸3                 6              20              17
D404            137             31               僵尸4                 6              10             20
D404            137             31               僵尸5                 6              10             28
D404            137             31               尸王                 8               5             28

；尸王殿           
Q004 	 	15	 	15	 	尸王	 	        8	 	20	 	30

;半兽人古墓1	
D001	200	200	蝎子	        200	200	8
D001	200	200	骷髅	        200	260	8
D001	200	200	骷髅战士	200	220	8
D001	200	200	洞蛆	        200	250	10
D001	200	200	山洞蝙蝠	200	250	8
D001	200	200	山洞蝙蝠	200	250	8
D001	200	200	骷髅精灵	200	40	30
;特殊	
D001	200	200	骷髅战士	200	100	20
D001	200	200	骷髅	        200	100	20
D001	190	125	蝎子	        30	50	8
D001	250	260	骷髅	        30	100	8
D001	250	90	山洞蝙蝠	30	100	8
D001	30	30	山洞蝙蝠	50	8	10
;半兽人古墓2	
D002	200	210	洞蛆	        200	200	20
D002	200	210	骷髅战士	200	454	8
D002	200	210	掷斧骷髅	200	430	8
D002	200	210	骷髅战将	300	440	8	
D002	200	210	骷髅	        200	100	30	
D002	200	210	山洞蝙蝠	200	130	8
D002	200	210	山洞蝙蝠	200	14	8	
D002	300	230	山洞蝙蝠	200	12	8	
D002	200	200	骷髅精灵	300	50	60	
;特殊	
D002	200	200	骷髅战士	200	11	20	
D002	200	200	掷斧骷髅	200	11	20	
D002	200	200	骷髅战将	200	11	20	
D002	200	200	骷髅	        200	1	10	
;半兽人古墓3	
D003	200	200	洞蛆	        200	250	18	
D003	200	200	骷髅战士	200	322	8	
D003	200	200	掷斧骷髅	200	318	8	
D003	200	200	骷髅战将	200	322	8	
D003	200	200	骷髅	        000	210	18	
D003	200	200	山洞蝙蝠	200	213	8
D003	200	200	山洞蝙蝠	200	214	8	
D003	200	200	骷髅精灵	200	50	30	
;特殊	
D003	200	200	骷髅战士	200	151	10	
D003	200	200	掷斧骷髅	200	151	10	
D003	200	200	骷髅战将	200	151	10	
D003	200	200	骷髅	        200	150	10	
D003	200	200	山洞蝙蝠0	200	120	10
;_______________________________________________________________________
;天然洞穴1

D011	200	200	骷髅	        200	212	8	
D011	200	200	骷髅战士	200	212	8	
D011	200	200	蝎子	        200	210	8	
D011	200	200	山洞蝙蝠	200	210	8
D011	200	200	山洞蝙蝠	200	10	8
D011	200	200	洞蛆	        200	10	8	
D011	200	200	骷髅战将	200	50	60	
;特殊	
D011	200	200	骷髅	        200	100	20	
D011	200	200	骷髅战士	200	100	20	
D011	200	200	山洞蝙蝠0	200	100	20	
;天然洞穴2
D012	200	200	骷髅	        200	428	8	
D012	200	200	骷髅战士	200	332	8	
D012	200	200	骷髅战将	200	332	8	
D012	200	200	掷斧骷髅	200	310	8	
D012	200	200	蝎子	        200	200	8	
D012	200	200	洞蛆	        200	200	8	
D012	200	200	山洞蝙蝠	200	100	8
D012	200	200	山洞蝙蝠	200	100	8	
D012	200	200	山洞蝙蝠	200	100	8
D012	200	200	骷髅精灵	200	50	30

;特殊	
D012	200	200	骷髅	        200	100	20	
D012	200	200	骷髅战士	200	100	20	
D012	200	200	骷髅战将	200	100	20	
D012	200	200	掷斧骷髅	200	100	20	
D012	200	200	山洞蝙蝠0	200	100	20

;沃玛三	 		 		 		 		 		 	
D024	 	50	 	50	 	沃玛教主	 	50	 	1	 	120
D024	 	50	 	50	 	沃玛卫士	 	50	 	2	 	30
D024	 	40	 	40	 	沃玛勇士	 	50	 	5	 	5
D024	 	40	 	40	 	沃玛战将	 	50	 	5	 	6
D024	 	40	 	40	 	火焰沃玛	 	20	 	5	 	7
D024	 	40	 	40	 	暗黑战士	 	50	 	10	 	8
D024	 	50	 	50	 	沃玛勇士	 	50	 	17	 	9
D024	 	50	 	50	 	沃玛战将	 	50	 	17	 	5
D024	 	50	 	50	 	火焰沃玛	 	50	 	17	 	6
D024	 	50	 	50	 	暗黑战士	 	50	 	15	 	7
D024	 	60	 	60	 	沃玛勇士	 	50	 	13	 	8
D024	 	60	 	60	 	沃玛战将	 	50	 	13	 	9
D024	 	60	 	60	 	火焰沃玛	 	50	 	13	 	5
D024	 	60	 	60	 	暗黑战士	 	50	 	15	 	6
D024	 	40	 	50	 	沃玛勇士	 	50	 	13	 	7
D024	 	40	 	50	 	沃玛战将	 	50	 	13	 	8
D024	 	40	 	50	 	火焰沃玛	 	50	 	13	 	9
D024	 	40	 	50	 	暗黑战士	 	50	 	15	 	5
D024	 	50	 	40	 	沃玛勇士	 	50	 	13	 	6
D024	 	50	 	40	 	沃玛战将	 	50	 	13	 	7
D024	 	50	 	40	 	火焰沃玛	 	50	 	13	 	8
D024	 	50	 	40	 	暗黑战士	 	50	 	15	 	9
D024	 	60	 	50	 	沃玛勇士	 	50	 	13	 	5
D024	 	60	 	50	 	沃玛战将	 	50	 	13	 	6
D024	 	60	 	50	 	火焰沃玛	 	50	 	13	 	7
D024	 	60	 	50	 	暗黑战士	 	50	 	15	 	8
D024	 	50	 	60	 	沃玛勇士	 	50	 	13	 	9
D024	 	50	 	40	 	沃玛战将	 	50	 	13	 	5
D024	 	50	 	40	 	火焰沃玛	 	50	 	13	 	6
D024	 	50	 	40	 	暗黑战士	 	50	 	15	 	7
D024	 	60	 	50	 	沃玛勇士	 	50	 	13	 	8
D024	 	60	 	50	 	沃玛战将	 	50	 	13	 	9
D024	 	60	 	50	 	火焰沃玛	 	50	 	13	 	5
D024	 	60	 	50	 	暗黑战士	 	50	 	15	 	6
D024	 	50	 	60	 	沃玛勇士	 	50	 	13	 	7
D024	 	50	 	60	 	沃玛战将	 	20	 	13	 	8
D024	 	50	 	60	 	火焰沃玛	 	20	 	13	 	9
D024	 	50	 	60	 	暗黑战士	 	20	 	5	 	5
D024	 	83	 	84	 	沃玛战士	 	7	 	5	 	6
D024	 	83	 	84	 	沃玛勇士	 	7	 	5	 	7
D024	 	83	 	84	 	火焰沃玛	 	7	 	5	 	8
D024	 	83	 	84	 	暗黑战士	 	7	 	8	 	9
D024	 	20	 	21	 	沃玛勇士	 	7	 	5	 	5
D024	 	50	 	60	 	沃玛勇士	 	20	 	3	 	6
D024	 	50	 	60	 	沃玛战将	 	20	 	3	 	7
D024	 	50	 	60	 	火焰沃玛	 	20	 	3	 	8
D024	 	50	 	60	 	暗黑战士	 	20	 	5	 	9
D024	 	83	 	84	 	沃玛战士	 	7	 	5	 	5
D024	 	83	 	84	 	沃玛勇士	 	7	 	5	 	6
D024	 	83	 	84	 	火焰沃玛	 	7	 	5	 	7
D024	 	83	 	84	 	暗黑战士	 	7	 	8	 	8
D024	 	20	 	21	 	沃玛勇士	 	7	 	5	 	9
D024	 	20	 	21	 	沃玛战将	 	7	 	5	 	5
D024	 	20	 	21	 	沃玛战将	 	7	 	5	 	6
D024	 	20	 	21	 	火焰沃玛	 	7	 	5	 	7
D024	 	20	 	21	 	暗黑战士	 	7	 	8	 	8
D024	 	20	 	21	 	沃玛勇士	 	7	 	5	 	9
D024	 	20	 	21	 	沃玛战将	 	7	 	5	 	5
D024	 	20	 	21	 	沃玛战将	 	7	 	5	 	6
D024	 	20	 	21	 	火焰沃玛	 	7	 	5	 	7
D024	 	20	 	21	 	暗黑战士	 	7	 	8	 	8


;特殊	 		 		 		 		 		 	
D024	 	42	 	49	 	暗黑战士0	 	30	 	5	 	60
D024	 	42	 	49	 	沃玛勇士0	 	30	 	5	 	60
D024	 	42	 	49	 	沃玛战将0	 	30	 	5	 	60
D024	 	42	 	49	 	火焰沃玛0	 	30	 	5	 	60

;苍月岛	
5	162	220	半兽战士	200	30	30
5	162	220	半兽人	200	10	30
5	162	220	骷髅0	200	20	30
5	162	220	骷髅战士0	150	20	30
5	162	220	骷髅0	200	20	30
5	162	220	骷髅战士0	150	20	30
5	162	220	宝箱	50	10	30
5	162	220	宝箱0	500	1	60
5	400	400	半兽战士	50	30	30
5	400	400	半兽勇士10	400	20	60
5	400	400	半兽勇士1	400	10	40


;尸魔洞

D2051	100	110	恶灵僵尸	100	150	15
D2051	100	110	恶灵尸王	100	150	15
D2051	100	110	恶灵尸王0	100	15	15
D2051	100	110	恶灵僵尸0	100	15	15
;

D2052	50	50	恶灵僵尸	50	182	15
D2052	50	50	恶灵尸王	50	182	15
D2052	50	50	恶灵尸王0	50	15	15
D2052	50	50	恶灵僵尸0	50	15	15
;
D2053	150	160	恶灵僵尸	150	30	12
D2053	150	160	恶灵尸王	150	30	13
D2053	150	160	恶灵僵尸	150	30	14
D2053	150	160	恶灵尸王	150	30	15
D2053	150	160	恶灵僵尸	150	30	16
D2053	150	160	恶灵尸王	150	30	17
D2053	150	160	恶灵僵尸	150	30	18
D2053	150	160	恶灵尸王	150	30	19
D2053	150	160	恶灵僵尸	150	30	8
D2053	150	160	恶灵尸王	150	30	9
D2053	150	160	恶灵尸王0	150	5	10
D2053	150	160	恶灵僵尸0	150	5	11
;骨膜洞
D2064	110	115	恶灵僵尸0	100	5	25
D2063	100	90	骷髅刀斧手0	100	2	25
D2062	100	90	骷髅弓箭手0	100	2	25
D2063	100	90	恶灵尸王	100	10	25
D2061	100	100	骷髅弓箭手	100	10	20
D2061	100	100	骷髅长枪兵	100	10	20
D2064	110	115	骷髅锤兵	100	10	20
D2063	100	90	恶灵尸王	100	10	25
D2061	100	100	骷髅弓箭手	100	10	20
D2061	100	100	骷髅长枪兵	100	10	20
D2064	110	115	骷髅锤兵	100	10	20
D2063	100	90	恶灵尸王	100	10	25
D2061	100	100	骷髅弓箭手	100	10	20
D2061	100	100	骷髅长枪兵	100	10	20
D2064	110	115	骷髅锤兵	100	10	20
D2063	100	90	恶灵尸王	100	10	25
D2061	100	100	骷髅弓箭手	100	10	20
D2061	100	100	骷髅长枪兵	100	10	20
D2064	110	115	骷髅锤兵	100	10	20
D2063	100	90	恶灵尸王	100	10	25
D2061	100	100	骷髅弓箭手	100	10	20
D2061	100	100	骷髅长枪兵	100	10	20
D2064	110	115	骷髅锤兵	100	10	20
D2061	100	100	骷髅刀斧手	100	20	20
D2061	100	100	恶灵僵尸	100	20	20
D2061	100	100	恶灵尸王	100	20	20
D2062	100	90	骷髅长枪兵	100	20	25
D2062	100	90	骷髅刀斧手	100	20	25
D2062	100	90	骷髅弓箭手	100	20	25
D2063	100	90	骷髅刀斧手	100	20	25
D2063	100	90	骷髅长枪兵	100	20	25
D2063	100	90	骷髅弓箭手	100	20	25
D2064	110	115	恶灵僵尸	100	20	25
D2064	110	115	恶灵尸王	100	20	25
D2064	110	115	骷髅弓箭手	100	20	20
D2064	110	115	骷髅长枪兵	100	20	20
D2061	100	100	骷髅刀斧手	100	20	20
D2061	100	100	恶灵僵尸	100	20	20
D2061	100	100	恶灵尸王	100	20	20
D2062	100	90	骷髅长枪兵	100	20	25
D2062	100	90	骷髅刀斧手	100	20	25
D2062	100	90	骷髅弓箭手	100	20	25
D2063	100	90	骷髅刀斧手	100	20	25
D2063	100	90	骷髅长枪兵	100	20	25
D2063	100	90	骷髅弓箭手	100	20	25
D2064	110	115	恶灵僵尸	100	20	25
D2064	110	115	恶灵尸王	100	20	25
D2064	110	115	骷髅弓箭手	100	20	20
D2064	110	115	骷髅长枪兵	100	20	20
D2061	100	100	骷髅刀斧手	100	20	20
D2061	100	100	恶灵僵尸	100	20	20
D2061	100	100	恶灵尸王	100	20	20
D2062	100	90	骷髅长枪兵	100	20	25
D2062	100	90	骷髅刀斧手	100	20	25
D2062	100	90	骷髅弓箭手	100	20	25
D2063	100	90	骷髅刀斧手	100	20	25
D2063	100	90	骷髅长枪兵	100	20	25
D2063	100	90	骷髅弓箭手	100	20	25
D2064	110	115	恶灵僵尸	100	20	25
D2064	110	115	恶灵尸王	100	20	25
D2064	110	115	骷髅弓箭手	100	20	20
D2064	110	115	骷髅长枪兵	100	20	20
D2061	100	100	骷髅刀斧手	100	20	20
D2061	100	100	恶灵僵尸	100	20	20
D2061	100	100	恶灵尸王	100	20	20
D2062	100	90	骷髅长枪兵	100	20	25
D2062	100	90	骷髅刀斧手	100	20	25
D2062	100	90	骷髅弓箭手	100	20	25
D2063	100	90	骷髅刀斧手	100	20	25
D2063	100	90	骷髅长枪兵	100	20	25
D2063	100	90	骷髅弓箭手	100	20	25
D2064	110	115	恶灵僵尸	100	20	25
D2064	110	115	恶灵尸王	100	20	25
D2064	110	115	骷髅弓箭手	100	20	20
D2064	110	115	骷髅长枪兵	100	20	20
D2061	100	100	骷髅刀斧手	100	20	20
D2061	100	100	恶灵僵尸	100	20	20
D2061	100	100	恶灵尸王	100	20	20
D2062	100	90	骷髅长枪兵	100	20	25
D2062	100	90	骷髅刀斧手	100	20	25
D2062	100	90	骷髅弓箭手	100	20	25
D2063	100	90	骷髅刀斧手	100	20	25
D2063	100	90	骷髅长枪兵	100	20	25
D2063	100	90	骷髅弓箭手	100	20	25
D2064	110	115	恶灵僵尸	100	20	25
D2064	110	115	恶灵尸王	100	20	25
D2064	110	115	骷髅弓箭手	100	20	20
D2064	110	115	骷髅长枪兵	100	20	20
;
D2067	150	160	骷髅刀斧手	150	40	65
D2067	150	160	骷髅锤兵	150	40	65
D2067	150	160	骷髅长枪兵	150	40	65
D2067	150	160	骷髅长枪兵0	150	40	20
D2067	150	160	骷髅锤兵	150	40	60
D2067	150	160	骷髅弓箭手	150	40	60
D2067	150	160	骷髅刀斧手	150	40	65
D2067	150	160	骷髅锤兵	150	40	65
D2067	150	160	骷髅长枪兵	150	40	65
D2067	150	160	骷髅长枪兵0	150	40	20
D2067	150	160	骷髅锤兵	150	40	60
D2067	150	160	骷髅弓箭手	150	40	60
D2067	150	160	骷髅刀斧手	150	40	65
D2067	150	160	骷髅锤兵	150	40	65
D2067	150	160	骷髅长枪兵	150	40	65
D2067	150	160	骷髅长枪兵0	150	40	20
D2067	150	160	骷髅锤兵	150	40	60
D2067	150	160	骷髅弓箭手	150	40	60
D2067	150	160	骷髅刀斧手	150	40	65
D2067	150	160	骷髅锤兵	150	40	65
D2067	150	160	骷髅长枪兵	150	40	65
D2067	150	160	骷髅长枪兵0	150	40	20
D2067	150	160	骷髅锤兵	150	40	60
D2067	150	160	骷髅弓箭手	150	40	60
D2067	150	160	骷髅锤兵0	150	20	30
D2067	150	160	骷髅锤兵0	150	20	30
D2067	150	160	骷髅刀斧手0	150	20	65

;特殊

D2067	254	135	骷髅长枪兵	8	30	65
D2067	254	135	骷髅长枪兵0	8	10	20
D2067	254	135	骷髅锤兵	8	30	60
D2067	254	135	骷髅弓箭手	8	28	60
D2067	254	135	骷髅锤兵0	8	5	30
D2067	254	135	骷髅刀斧手0	8	5	65

D2067	265	127	骷髅长枪兵	2	4	65
D2067	265	127	骷髅锤兵	2	4	60

D2067	250	81	黄泉教主0	0	1	60
D2067	269	125	黄泉教主	0	1	60
 		 		 		 		 	





;毒蛇山谷	 		 		 		 		 		 	
2	 	300	 	400	 	红蛇0	 	200	 	250	 	30
2	 	300	 	400	 	虎蛇0	 	200	 	250	 	30
2	 	413	 	116	 	千年树妖	20	 	1	 	60
2	 	413	 	116	 	虎蛇0	 	25	 	30	 	5
2	 	413	 	116	 	红蛇0	 	25	 	30	 	5
;祖玛寺庙五层
D505	 	100	 	100	 	祖玛弓箭手	 	50	 	10	 	7
D505	 	100	 	100	 	祖玛雕像	 	100	 	20	 	8
D505	 	100	 	100	 	祖玛卫士	 	100	 	10	 	9
D505	 	100	 	100	 	祖玛卫士10	 	20	 	1	 	20
D505	 	100	 	100	 	祖玛雕像3	 	100	 	3	 	21
D505	 	100	 	100	 	祖玛卫士3	 	100	 	3	 	22
D505	 	100	 	100	 	祖玛弓箭手3	 	100	 	3	 	23
D505	 	100	 	100	 	祖玛弓箭手0	 	100	 	1	 	20
D505	 	100	 	100	 	祖玛卫士0	 	100	 	1	 	21
D505	 	100	 	100	 	祖玛雕像0	 	100	 	1	 	22
D505	 	154	 	172	 	祖玛卫士00	 	100	 	1	 	23
D505	 	154	 	172	 	祖玛卫士	 	100	 	7	 	7
D505	 	154	 	172	 	祖玛卫士10	 	100	 	7	 	21
D505	 	154	 	172	 	楔蛾	 	        100	 	8	 	10
D505	 	154	 	172	 	祖玛弓箭手	 	100	 	8	 	22
D505	 	154	 	172	 	祖玛雕像	 	100	 	8	 	23
;祖玛七层一
D5072	 	50	 	50	 	祖玛雕像	 	50	 	20	         9
D5072	 	50	 	50	 	祖玛卫士	 	50	 	20	 	 9
D5072	 	50	 	50	 	祖玛弓箭手	 	50	 	20	 	 7
D5072	 	50	 	50	 	楔蛾	 	        50	 	25	 	10

D5072	 	50	 	50	 	祖玛雕像3	 	50	 	20	 	19
D5072	 	50	 	50	 	祖玛卫士3	 	50	 	20	 	19
D5072	 	50	 	50	 	祖玛弓箭手3	 	50	 	20	 	19

D5072	 	50	 	50	 	祖玛雕像0	 	50	 	1	 	18
D5072	 	50	 	50	 	祖玛卫士0	 	50	 	1	 	18
D5072	 	50	 	50	 	祖玛弓箭手0	 	50	 	1	 	18
;祖玛七层二
D5073	 	50	 	50	 	祖玛雕像	 	50	 	25	 	10
D5073	 	50	 	50	 	祖玛卫士	 	50	 	25	 	11
D5073	 	50	 	50	 	祖玛弓箭手	 	50	 	20	 	12
D5073	 	50	 	50	 	楔蛾	 	        50	 	10	 	13
D5073	 	50	 	50	 	祖玛雕像3	 	50	 	20	 	21
D5073	 	50	 	50	 	祖玛卫士3	 	50	 	20	 	21
D5073	 	50	 	50	 	祖玛弓箭手3	 	50	 	20	 	21
D5073	 	50	 	50	 	祖玛雕像0	 	50	 	1	 	18
D5073	 	50	 	50	 	祖玛卫士0	 	50	 	1	 	19
D5073	 	50	 	50	 	祖玛弓箭手0	 	50	 	1	 	20
;祖玛七层三
D5074	 	50	 	50	 	祖玛雕像	 	50	 	40	 	9
D5074	 	50	 	50	 	祖玛卫士	 	50	 	30	 	8
D5074	 	50	 	50	 	祖玛卫士10	 	50	 	2	 	17
D5074	 	73	 	22	 	祖玛雕像	 	7	 	40	 	10
D5074	 	73	 	22	 	祖玛卫士	 	7	 	20	 	11
D5074	 	73	 	22	 	祖玛弓箭手	 	7	 	20	 	11
D5074	 	73	 	22	 	楔蛾	 	        7	 	15	 	11


D5074	 	50	 	50	 	祖玛雕像3	 	50	 	20	 	22
D5074	 	50	 	50	 	祖玛卫士3	 	50	 	20	 	17
D5074	 	50	 	50	 	祖玛弓箭手3	 	50	 	20	 	18

D5074	 	50	 	50	 	祖玛雕像0	 	50	 	1	 	16
D5074	 	50	 	50	 	祖玛卫士0	 	50	 	1	 	22
D5074	 	50	 	50	 	祖玛弓箭手0	 	50	 	1	 	20
;祖玛教主之家
D515	 	22	 	20	 	角蝇	 	        20	 	4	 	16
D515	 	73	 	22	 	楔蛾	 	        7	 	10	 	11
D515	 	19	 	24	 	祖玛教主	 	0	 	1	 	60
D515	 	19	 	24	 	暗之祖玛教主	 	0	 	1	 	60


;沙巴克暗道
D701	 	100	 	100	 	僵尸5	 	100	 	20	 	16


;石墓四层
D714  251   41    红野猪          30    7     10
D714  321   72    红野猪          30    7     10
D714  363   146   红野猪          30    7     10
D714  172   59    红野猪          30    7     10
D714  210   93    红野猪          30    7     10
D714  262   140   红野猪          30    7     10
D714  309   19    红野猪          30    7     10
D714  350   303   红野猪          30    7     10
D714  111   105   红野猪          30    7     10
D714  158   149   红野猪          30    7     10
D714  200   200   红野猪          30    7     10
D714  255   306   红野猪          30    7     10
D714  287   286   红野猪          30    7     10
D714  56    158   红野猪          30    7     10
D714  153   237   红野猪          30    7     10
D714  112   250   红野猪          30    7     10
D714  114   314   红野猪          30    7     10
D714  304   340   红野猪          30    7     10
D714  251   41    黑野猪          30    5     10
d714  321   72    黑野猪          30    5     10
D714  363   146   黑野猪          30    5     10
D714  172   59    黑野猪          30    5     10
d714  210   93    黑野猪          30    5     10
d714  262   140   黑野猪          30    5     10
d714  309   19    黑野猪          30    5     10
d714  350   303   黑野猪          30    5     10
d714  111   105   黑野猪          30    5     10
d714  158   149   黑野猪          30    5     10
d714  200   200   黑野猪          30    5     10
d714  255   306   黑野猪          30    5     10
d714  287   286   黑野猪          30    5     10
d714  56    158   黑野猪          30    5     10
d714  153   237   黑野猪          30    5     10
d714  112   250   黑野猪          30    5     10
d714  114   314   黑野猪          30    5     10
d714  304   340   黑野猪          30    5     10
d714  251   41    黑色恶蛆        30    5     10
d714  321   72    黑色恶蛆        30    5     10
d714  363   146   黑色恶蛆        30    5     10
d714  172   59    黑色恶蛆        30    5     10
d714  210   93    黑色恶蛆        30    5     10
d714  262   140   黑色恶蛆        30    5     10
d714  309   19    黑色恶蛆        30    5     10
d714  350   303   黑色恶蛆        30    5     10
d714  111   105   黑色恶蛆        30    5     10
d714  158   149   黑色恶蛆        30    5     10
d714  200   200   黑色恶蛆        30    5     10
d714  255   306   黑色恶蛆        30    5     10
d714  287   286   黑色恶蛆        30    5     10
d714  56    158   黑色恶蛆        30    5     10
d714  153   237   黑色恶蛆        30    5     10
d714  112   250   黑色恶蛆        30    5     10
d714  114   314   黑色恶蛆        30    5     10
d714  304   340   黑色恶蛆        30    5     10
d714  200   200   蝎蛇            200   20    10
d714  200   200   蝎蛇            200   20    10
d714  200   200   楔蛾            200   25    10
d714  200   200   白野猪0         200   1     120
d714  200   200   红野猪3         200   15    30
d714  200   200   黑野猪3         200   15    30
d714  200   200   蝎蛇3           200   15    30

;石墓五层
D715	 	200	 	200	 	楔蛾	 	200	 	30	 	11
D715	 	200	 	200	 	蝎蛇	 	200	 	30	 	12
D715	 	200	 	200	 	黑野猪	 	200	 	30	 	14
D715	 	200	 	200	 	黑色恶蛆	200	 	30	 	13
D715	 	200	 	200	 	白野猪	 	200	 	5	 	30
D715	 	200	 	200	 	红野猪	 	200	 	10	 	6
D715	 	200	 	200	 	黑野猪	 	200	 	10	 	7
D715	 	200	 	200	 	黑色恶蛆	200	 	10	 	8
;石墓阵
D71601	 	25	 	25	 	红野猪	 	25	 	10	 	9
D71601	 	25	 	25	 	黑野猪	 	25	 	10	 	10
D71601	 	25	 	25	 	楔蛾	 	25	 	5	 	11
D71601	 	25	 	25	 	蝎蛇	 	25	 	10	 	12
D71601	 	25	 	25	 	黑色恶蛆	25	 	10	 	13
D71601	 	25	 	25	 	红野猪	 	25	 	10	 	14

D71603	 	25	 	25	 	红野猪	 	25	 	10	 	15
D71603	 	25	 	25	 	黑野猪	 	25	 	10	 	16
D71603	 	25	 	25	 	楔蛾	 	25	 	5	 	17
D71603	 	25	 	25	 	蝎蛇	 	25	 	5	 	18
D71603	 	25	 	25	 	黑色恶蛆	25	 	10	 	19
D71603	 	25	 	25	 	黑色恶蛆	25	 	10	 	20

D71604	 	25	 	25	 	红野猪	 	25	 	10	 	21
D71604	 	25	 	25	 	黑野猪	 	25	 	10	 	22
D71604	 	25	 	25	 	楔蛾	 	25	 	5	 	23
D71604	 	25	 	25	 	蝎蛇	 	25	 	10	 	24
D71604	 	25	 	25	 	黑色恶蛆	25	 	10	 	25
D71604	 	25	 	25	 	蝎蛇	 	25	 	10	 	26

D71605	 	25	 	25	 	红野猪	 	25	 	10	 	27
D71605	 	25	 	25	 	黑野猪	 	25	 	10	 	28
D71605	 	25	 	25	 	楔蛾	 	25	 	5	 	29
D71605	 	25	 	25	 	蝎蛇	 	25	 	10	 	30
D71605	 	25	 	25	 	黑色恶蛆	25	 	10	 	31
D71605	 	25	 	25	 	红野猪	 	25	 	10	 	32

D71606	 	25	 	25	 	红野猪	 	25	 	7	 	9
D71606	 	25	 	25	 	黑野猪	 	25	 	7	 	10
D71606	 	25	 	25	 	红野猪	 	25	 	7	 	11
D71606	 	25	 	25	 	黑野猪	 	25	 	7	 	12
D71606	 	25	 	25	 	红野猪	 	25	 	7	 	13
D71606	 	25	 	25	 	黑野猪	 	25	 	7	 	14

D71607	 	25	 	25	 	黑野猪	 	25	 	10	 	15
D71607	 	25	 	25	 	楔蛾	 	25	 	5	 	16
D71607	 	25	 	25	 	蝎蛇	 	25	 	10	 	17
D71607	 	25	 	25	 	黑色恶蛆	25	 	10	 	18
D71607	 	25	 	25	 	黑色恶蛆	25	 	10	 	19
D71607	 	25	 	25	 	红野猪	 	25	 	10	 	20

D71608	 	25	 	25	 	红野猪	 	25	 	10	 	21
D71608	 	25	 	25	 	黑野猪	 	25	 	10	 	22
D71608	 	25	 	25	 	楔蛾	 	25	 	5	 	23
D71608	 	25	 	25	 	蝎蛇	 	25	 	10	 	24
D71608	 	25	 	25	 	黑色恶蛆	25	 	10	 	25
D71608	 	25	 	25	 	蝎蛇	 	25	 	10	 	26

D71609	 	25	 	25	 	红野猪	 	25	 	10	 	27
D71609	 	25	 	25	 	黑野猪	 	25	 	10	 	28
D71609	 	25	 	25	 	楔蛾	 	25	 	5	 	29
D71609	 	25	 	25	 	蝎蛇	 	25	 	10	 	30
D71609	 	25	 	25	 	黑色恶蛆	25	 	10	 	31
D71609	 	25	 	25	 	红野猪	 	25	 	10	 	32

D71610	 	25	 	25	 	红野猪	 	25	 	10	 	9
D71610	 	25	 	25	 	黑野猪	 	25	 	10	 	10
D71610	 	25	 	25	 	楔蛾	 	25	 	5	 	11
D71610	 	25	 	25	 	蝎蛇	 	25	 	10	 	12
D71610	 	25	 	25	 	黑色恶蛆	25	 	10	 	13
D71610	 	25	 	25	 	黑野猪	 	25	 	10	 	14

D71611	 	25	 	25	 	红野猪	 	25	 	10	 	15
D71611	 	25	 	25	 	黑野猪	 	25	 	10	 	16
D71611	 	25	 	25	 	楔蛾	 	25	 	5	 	17
D71611	 	25	 	25	 	蝎蛇	 	25	 	10	 	18
D71611	 	25	 	25	 	黑色恶蛆	25	 	10	 	19
D71611	 	25	 	25	 	黑野猪	 	25	 	10	 	20

D71612	 	25	 	25	 	蝎蛇	 	25	 	10	 	21
D71612	 	25	 	25	 	红野猪 	        25	 	10	 	22
D71612	 	25	 	25	 	黑野猪	 	25	 	10	 	23
D71612	 	25	 	25	 	蝎蛇	 	25	 	10	 	24

D71613	 	25	 	25	 	红野猪	 	25	 	10	 	25
D71613	 	25	 	25	 	黑野猪	 	25	 	10	 	26
D71613	 	25	 	25	 	楔蛾	 	25	 	5	 	9
D71613	 	25	 	25	 	蝎蛇	 	25	 	10	 	28
D71613	 	25	 	25	 	黑色恶蛆	25	 	10	 	29
D71613	 	25	 	25	 	红野猪	 	25	 	10	 	30

D71614	 	25	 	25	 	红野猪	 	25	 	10	 	19
D71614	 	25	 	25	 	黑野猪	 	25	 	10	 	10
D71614	 	25	 	25	 	楔蛾	 	25	 	5	 	8
D71614	 	25	 	25	 	蝎蛇	 	25	 	10	 	12
D71614	 	25	 	25	 	黑色恶蛆	25	 	10	 	13
D71614	 	25	 	25	 	黑野猪	 	25	 	10	 	14

D71615	 	25	 	25	 	红野猪	 	25	 	10	 	15
D71615	 	25	 	25	 	黑野猪	 	25	 	10	 	16
D71615	 	25	 	25	 	楔蛾	 	25	 	5	 	7
D71615	 	25	 	25	 	蝎蛇	 	25	 	10	 	18
D71615	 	25	 	25	 	黑色恶蛆	25	 	10	 	19
D71615	 	25	 	25	 	角蝇	 	25	 	10	 	20

D71616	 	25	 	25	 	红野猪	 	25	 	10	 	21
D71616	 	25	 	25	 	黑野猪	 	25	 	10	 	22
D71616	 	25	 	25	 	楔蛾	 	25	 	5	 	23
D71616	 	25	 	25	 	蝎蛇	 	25	 	10	 	24
D71616	 	25	 	25	 	黑色恶蛆	25	 	10	 	25
D71616	 	25	 	25	 	蝎蛇	 	25	 	10	 	26

D71617	 	25	 	25	 	红野猪	 	25	 	10	 	27
D71617	 	25	 	25	 	黑野猪	 	25	 	10	 	28
D71617	 	25	 	25	 	楔蛾	 	25	 	5	 	29
D71617	 	25	 	25	 	蝎蛇	 	25	 	10	 	30
D71617	 	25	 	25	 	黑色恶蛆	25	 	10	 	31
D71617	 	25	 	25	 	红野猪	 	25	 	10	 	32

D71618	 	25	 	25	 	红野猪	 	25	 	10	 	9
D71618	 	25	 	25	 	黑野猪	 	25	 	10	 	10
D71618	 	25	 	25	 	楔蛾	 	25	 	5	 	11
D71618	 	25	 	25	 	蝎蛇	 	25	 	10	 	12
D71618	 	25	 	25	 	黑色恶蛆	25	 	10	 	13
D71618	 	25	 	25	 	黑野猪  	25	 	10	 	14

D71619	 	25	 	25	 	红野猪	 	25	 	10	 	15
D71619	 	25	 	25	 	黑野猪	 	25	 	10	 	16
D71619	 	25	 	25	 	楔蛾	 	25	 	5	 	17
D71619	 	25	 	25	 	蝎蛇	 	25	 	10	 	18
D71619	 	25	 	25	 	黑色恶蛆	25	 	10	 	19
D71619	 	25	 	25	 	黑色恶蛆	25	 	10	 	20

D71620	 	25	 	25	 	红野猪	 	25	 	10	 	21
D71620	 	25	 	25	 	黑野猪	 	25	 	10	 	22
D71620	 	25	 	25	 	楔蛾	 	25	 	15	 	23
D71620	 	25	 	25	 	蝎蛇	 	25	 	10	 	24
D71620	 	25	 	25	 	黑色恶蛆	25	 	10	 	25
D71620	 	25	 	25	 	蝎蛇	 	25	 	10	 	26

D71621	 	25	 	25	 	红野猪	 	25	 	10	 	27
D71621	 	25	 	25	 	黑野猪	 	25	 	10	 	28
D71621	 	25	 	25	 	楔蛾	 	25	 	5	 	29
D71621	 	25	 	25	 	蝎蛇	 	25	 	10	 	30
D71621	 	25	 	25	 	黑色恶蛆	25	 	10	 	31
D71621	 	25	 	25	 	红野猪	 	25	 	10	 	32

D71622	 	25	 	25	 	红野猪	 	25	 	10	 	9
D71622	 	25	 	25	 	黑野猪	 	25	 	10	 	10
D71622	 	25	 	25	 	楔蛾	 	25	 	5	 	11
D71622	 	25	 	25	 	蝎蛇	 	25	 	10	 	12
D71622	 	25	 	25	 	黑色恶蛆	25	 	10	 	13
D71622	 	25	 	25	 	黑野猪	 	25	 	10	 	14

D71623	 	25	 	25	 	红野猪	 	25	 	10	 	15
D71623	 	25	 	25	 	黑野猪	 	25	 	10	 	16
D71623	 	25	 	25	 	楔蛾	 	25	 	5	 	17
D71623	 	25	 	25	 	蝎蛇	 	25	 	10	 	18
D71623	 	25	 	25	 	黑色恶蛆	25	 	10	 	19
D71623	 	25	 	25	 	黑色恶蛆	25	 	10	 	20

D71624	 	25	 	25	 	红野猪	 	25	 	10	 	21
D71624	 	25	 	25	 	黑野猪	 	25	 	10	 	22
D71624	 	25	 	25	 	楔蛾	 	25	 	5	 	23
D71624	 	25	 	25	 	蝎蛇	 	25	 	10	 	24
D71624	 	25	 	25	 	黑色恶蛆	25	 	10	 	25
D71624	 	25	 	25	 	蝎蛇	 	25	 	10	 	26

D71625	 	25	 	25	 	红野猪	 	25	 	10	 	27
D71625	 	25	 	25	 	黑野猪	 	25	 	10	 	28
D71625	 	25	 	25	 	楔蛾	 	25	 	5	 	29
D71625	 	25	 	25	 	蝎蛇	 	25	 	10	 	30
D71625	 	25	 	25	 	黑色恶蛆	25	 	10	 	31
D71625	 	25	 	25	 	红野猪	 	25	 	10	 	32


;石墓六层
D716	 	25	 	25	 	红野猪	 	25	 	5	 	10
D716	 	25	 	25	 	黑野猪	 	25	 	5	 	11
D716	 	25	 	25	 	红野猪	 	25	 	5	 	12
D716	 	25	 	25	 	黑野猪	 	25	 	5	 	13
D716	 	25	 	25	 	楔蛾	 	25	 	8	 	14
D716	 	25	 	25	 	蝎蛇	 	25	 	5	 	15
D716	 	25	 	25	 	黑色恶蛆	25	 	8	 	16
D716	 	25	 	25	 	角蝇	 	25	 	5	 	17
D716	 	25	 	25	 	黑野猪	 	25	 	1	 	18

;石墓七层
D717	 	80	 	28	 	石墓尸王	0	 	1	 	30
D717	 	100	 	100	 	楔蛾	 	100	 	50	 	11
D717	 	100	 	100	 	蝎蛇	 	100	 	15	 	12
D717	 	100	 	100	 	黑野猪	 	100	 	20	 	13
D717	 	100	 	100	 	红野猪	 	100	 	20	 	14
D717	 	100	 	100	 	黑色恶蛆	100	 	20	 	15
D717	 	100	 	100	 	白野猪	 	100	 	1	 	16
D717	 	100	 	100	 	楔蛾	 	100	 	20	 	17
D717	 	100	 	100	 	楔蛾	 	100	 	20	 	15
D717	 	100	 	100	 	楔蛾	 	100	 	20	 	13
D717	 	100	 	100	 	楔蛾	 	100	 	20	 	11
D717	 	100	 	100	 	楔蛾	 	100	 	20	 	9
D717	 	100	 	100	 	白野猪0	 	100	 	30	 	18
D717	 	100	 	100	 	白野猪	 	100	 	2	 	19
D717	 	100	 	100	 	白野猪	 	100	 	2	 	20
D717	 	100	 	100	 	白野猪	 	100	 	2	 	21
D717	 	100	 	100	 	邪恶毒蛇	100	 	1	 	32

;香石古墓一层
E701	 	50	 	50	 	僵尸2	 	20	 	20	 	60
E701	 	50	 	50	 	僵尸4	 	20	 	20	 	61
E701	 	50	 	50	 	僵尸5	 	20	 	20	 	62
E701	 	50	 	50	 	僵尸10	 	20	 	1	 	63
E701	 	50	 	50	 	僵尸30	 	20	 	1	 	64
E701	 	50	 	50	 	僵尸50	 	20	 	1	 	65

;蜈蚣
D601 144 73 蜈蚣 50 30 5
D601 10 100 蜈蚣 100 30 5
D601 40 27 跳跳蜂 50 30 6
D601 18 166 跳跳蜂 50 30 6
D601 161 208 跳跳蜂 50 30 5
D601 84 104 巨型蠕虫 50 30 5
D601 144 73 巨型蠕虫 50 30 6
D601 40 27 黑色恶蛆 50 30 6
D601 18 166 黑色恶蛆 50 30 6
D601 161 208 黑色恶蛆 50 30 6
D601 84 104 黑色恶蛆 50 28 26
D601 144 73 黑色恶蛆 50 28 6
D601 10 100 跳跳蜂0 100 21 5
D601 10 100 巨型蠕虫0 100 21 5
D601 10 100 黑色恶蛆0 100 21 5

D602 78 167 蜈蚣 60 50 6
D602 178 43 蜈蚣 60 30 16
D602 100 100 蜈蚣 100 30 5
D602 100 100 蜈蚣 100 30 5
D602 78 167 钳虫 60 30 17
D602 144 151 钳虫 60 30 18
D602 178 43 钳虫 60 20 6
D602 100 100 钳虫 100 30 5
D602 100 100 钳虫 100 30 5
D602 60 47 黑色恶蛆 60 30 16
D602 144 151 黑色恶蛆 60 28 6
D602 178 43 黑色恶蛆 60 28 6
D602 100 100 蜈蚣0 100 21 8
D602 100 100 钳虫0 100 21 8
D602 100 100 黑色恶蛆0 100 21 8

D603 60 150 黑色恶蛆 60 20 6
D603 76 94 钳虫 60 30 7
D603 60 150 钳虫 60 30 17
D603 76 94 蜈蚣 60 30 7
D603 159 59 蜈蚣 60 30 7
D603 100 100 蜈蚣 100 30 51
D603 100 100 钳虫 100 30 51
D603 100 100 邪恶钳虫 100 1 180
D603 100 100 钳虫0 100 31 80
D603 100 100 蜈蚣0 100 31 80

D604 35 42 黑色恶蛆 60 20 7
D604 52 130 黑色恶蛆 60 10 17
D604 35 42 跳跳蜂 60 20 7
D604 52 130 钳虫 60 20 11
D604 148 50 钳虫 60 20 11
D604 118 112 钳虫 60 20 12
D604 35 42 蜈蚣 60 20 12
D604 148 50 蜈蚣 60 20 13
D604 100 100 钳虫 100 10 50
D604 100 100 蜈蚣 100 10 50
D604 100 100 邪恶钳虫 100 1 180
D604 100 100 跳跳蜂0 100 1 80
D604 100 100 钳虫0 100 1 80
D604 100 100 蜈蚣0 100 1 80

D605 55 27 黑色恶蛆 50 20 7
D605 162 92 黑色恶蛆 50 10 17
D605 55 27 巨型蠕虫 50 11 9
D605 51 131 巨型蠕虫 50 11 17
D605 126 37 巨型蠕虫 50 11 7
D605 55 27 钳虫 50 20 9
D605 51 131 钳虫 50 20 7
D605 89 81 蜈蚣 50 10 17
D605 51 131 蜈蚣 50 20 9
D605 162 92 蜈蚣 50 20 9
D605 100 100 钳虫 100 10 50
D605 100 100 蜈蚣 100 10 50
D605 100 100 邪恶钳虫 100 1 180
D605 100 100 黑色恶蛆0 100 1 80
D605 100 100 巨型蠕虫0 100 1 80

D606 178 127 黑色恶蛆 70 30 5
D606 57 166 跳跳蜂 70 20 3
D606 178 127 跳跳蜂 70 10 3
D606 97 81 巨型蠕虫 70 20 9
D606 178 127 钳虫 70 20 3
D606 100 100 钳虫 100 20 3
D606 100 100 蜈蚣 100 10 3
D606 100 100 邪恶钳虫 100 5 5
D606 83 168 触龙神 0 1 60
D606 77 170 蜈蚣 50 20 5
D606 100 100 蜈蚣0 50 21 5
D606 100 100 跳跳蜂0 50 1 5
D606 100 100 巨型蠕虫0 50 20 5


D612 210 72 黑色恶蛆 70 20 5
D612 210 72 跳跳蜂 70 20 5
D612 210 72 巨型蠕虫 70 10 9
D612 210 72 钳虫 70 10 11
D612 97 81 钳虫 70 20 13
D612 57 166 钳虫 70 20 13
D612 150 150 蜈蚣 100 10 13 
D612 150 150 蜈蚣 100 10 15 
D612 150 150 邪恶钳虫 150 1 15

D613 64 47 钳虫 50 18 5
D613 53 76 钳虫 50 28 5
D613 50 50 黑色恶蛆 70 10 9
D613 50 50 跳跳蜂 70 10 9
D613 50 50 蜈蚣 70 20 9
D613 50 50 巨型蠕虫0 70 3 11
D613 50 50 黑色恶蛆0 70 1 11

D614 53 71 黑色恶蛆 50 20 5
D614 18 29 黑色恶蛆 50 15 5
D614 50 50 钳虫 70 20 9
D614 50 50 跳跳蜂 70 20 9
D614 50 50 蜈蚣 70 20 9
D614 50 50 蜈蚣0 70 1 11
D614 50 50 跳跳蜂0 70 1 11
D614 50 50 巨型蠕虫0 70 1 11
D614 50 50 钳虫0 70 1 11

D615 16 58 巨型蠕虫 50 18 5
D615 51 55 巨型蠕虫 50 15 5
D615 50 50 黑色恶蛆 70 20 15
D615 50 50 跳跳蜂 70 15 5
D615 50 50 蜈蚣 70 10 9
D615 50 50 钳虫 70 20 9
D615 50 50 蜈蚣 70 1 9
D615 50 50 跳跳蜂 70 1 9
D615 50 50 巨型蠕虫 70 1 9
D615 50 50 钳虫 70 1 100
D615 50 50 黑色恶蛆 70 1 100

D616 62 66 跳跳蜂 50 18 5
D616 73 44 跳跳蜂 50 18 5
D616 50 50 巨型蠕虫 70 20 19
D616 50 50 蜈蚣 70 20 9
D616 50 50 钳虫 70 20 9
D616 50 50 蜈蚣 70 1 100
D616 50 50 跳跳蜂 70 1 100
D616 50 50 巨型蠕虫 70 1 100
D616 50 50 钳虫 70 1 100
D616 50 50 黑色恶蛆 70 1 100

D617 69 84 蜈蚣 50 20 10
D617 83 42 蜈蚣 50 10 12
D617 87 72 蜈蚣 50 20 13
D617 50 50 巨型蠕虫 70 10 18
D617 50 50 跳跳蜂 70 18 15
D617 50 50 钳虫 70 30 15
D617 50 50 蜈蚣 70 1 9
D617 50 50 跳跳蜂 70 1 5
D617 50 50 钳虫 70 1 6
D617 50 50 黑色恶蛆 70 1 5

D618 178 127 黑色恶蛆 70 10 15
D618 19 39 跳跳蜂 70 20 5
D618 178 127 跳跳蜂 70 20 5
D618 97 81 巨型蠕虫 70 20 9
D618 57 166 巨型蠕虫 70 20 9
D618 57 166 钳虫 70 15 11
D618 178 127 钳虫 70 15 11
D618 100 100 钳虫 100 20 13
D618 100 100 蜈蚣 100 13 15 
D618 100 100 邪恶钳虫 100 5 15




――――――――――――封魔地区―――――――――――――――――――――――――――
疾风殿
D2004 49    44    红野猪           200     20     10
D2004 49    44    红野猪0          200     20     10
D2004 49    44    黑野猪           200     20     10
D2004 49    44    黑野猪0          200     20     10
D2004 49    44    黑野猪0          200     20     10
D2004 49    44    红野猪0          200     20     10
D2004 49    44    红野猪           200     20     10
D2004 49    44    红野猪0          200     20     10
D2004 49    44    黑野猪           200     20     10
D2004 49    44    黑野猪0          200     20     10
D2004 49    44    黑野猪0          200     20     10
D2004 49    44    红野猪0          200     20     10
光芒回廊
D2005 41    44    白野猪           200     20     10
D2005 41    44    楔蛾             200     20     10
D2005 41    44    白野猪0          200     20     10
D2005 41    44    白野猪           200     20     10
D2005 41    44    黑野猪           200     20     10
D2005 41    44    红野猪           200     20     10
D2005 41    44    黑色恶蛆         200     20     10
D2005 41    44    红野猪0　　      200     20     10
D2005 41    44    白野猪           200     20     10
D2005 41    44    楔蛾             200     20     10
D2005 41    44    白野猪0          200     20     10
D2005 41    44    白野猪           200     20     10
D2005 41    44    黑野猪           200     20     10
D2005 41    44    红野猪           200     20     10
D2005 41    44    黑色恶蛆         200     20     10
D2005 41    44    红野猪0　　      200     20     10
烈焰殿
D2006 41    44    白野猪           200     20     10
D2006 41    44    楔蛾             200     20     10
D2006 41    44    白野猪0          200     20     10
D2006 41    44    白野猪           200     20     10
D2006 41    44    黑野猪           200     20     10
D2006 41    44    红野猪           200     20     10
D2006 41    44    黑色恶蛆         200     20     10
D2006 41    44    红野猪0　　      200     20     10
D2006 41    44    白野猪           200     20     10
D2006 41    44    楔蛾             200     20     10
D2006 41    44    白野猪0          200     20     10
D2006 41    44    白野猪           200     20     10
D2006 41    44    黑野猪           200     20     10
D2006 41    44    红野猪           200     20     10
D2006 41    44    黑色恶蛆         200     20     10
D2006 41    44    虹魔猪卫　　     200     20     10
雷霆之路
D2007 41    44    白野猪           200     20     10
D2007 41    44    楔蛾             200     20     10
D2007 41    44    白野猪0          200     20     10
D2007 41    44    白野猪           200     20     10
D2007 41    44    黑野猪           200     20     10
D2007 41    44    红野猪           200     20     10
D2007 41    44    黑色恶蛆         200     20     10
霸者大厅
D2008 41    74    楔蛾             100   35    10
D2008 41    74    白野猪           100   25     10
D2008 41    74    红野猪           100   25    10
D2008 41    74    黑野猪           100   25    10
D2008 41    74    黑色恶蛆         100   40    10
D2008 41    74    黑色恶蛆             100   2     60
D2008 41    74    黑野猪3          100   30    10
D2008 41    74    红野猪3          100   20    10
D2008 41    74    白野猪0          100   50    10
D2008 41    74    大老鼠           100   10    10
D2008 41    74    蝎蛇             100   10    10
幽冥回廊
D2009 41    44    白野猪           200     20     10
D2009 41    44    白野猪0          200     20     10
D2009 41    44    白野猪           200     20     10
D2009 41    44    白野猪           200     20     10
D2009 41    44    白野猪0          200     20     10
D2009 41    44    白野猪           200     20     10
D2009 41    44    白野猪           200     20     10
D2009 41    44    白野猪0          200     20     10
D2009 41    44    白野猪           200     20     10
D2009 41    44    白野猪           200     20     10
D2009 41    44    白野猪0          200     20     10
D2009 41    44    白野猪           200     20     10
D2009 41    44    白野猪           200     20     10
D2009 41    44    白野猪0          200     20     10
D2009 41    44    白野猪           200     20     10
D2009 41    44    白野猪           200     20     10
D2009 41    44    白野猪0          200     20     10
D2009 41    44    白野猪           200     20     10
D2009 41    44    白野猪           200     20     10
D2009 41    44    白野猪0          200     20     10
D2009 41    44    白野猪           200     20     10
D2009 41    44    白野猪           200     20     10
D2009 41    44    白野猪0          100   5     10
D2009 41    44    白野猪           100   5     10
纵横道
D2010 41    44    白野猪           100   5     10
D2010 41    44    白野猪0          100   5     10
D2010 41    44    白野猪           200     20     10
D2010 41    44    白野猪           200     20     10
D2010 41    44    白野猪0          200     20     10
D2010 41    44    白野猪           200     20     10
D2010 41    44    虹魔猪卫           200     20     10
D2010 41    44    虹魔猪卫0         200     20     10
D2010 41    44    邪恶毒蛇           100   5     10
魔魂圣殿
D2011 41    44    白野猪           100   5     10
D2011 41    44    白野猪           100   5     10
D2011 41    44    白野猪           100   5     10
D2011 41    44    白野猪0          100   5     10
D2011 41    44    蝎蛇           200     20     10
D2011 41    44    祖玛雕像           200     20     10
D2011 41    44    白野猪0          200     20     10
D2011 41    44    虹魔蝎卫          200     20     10
D2011 41    44    虹魔猪卫           200     20     10
D2011 41    44    虹魔猪卫0         200     20     10
D2011 41    44    邪恶毒蛇           200     20     10
D2011 41    44    祖玛卫士           200     20     10
D2011 41    44    祖玛雕像           200     20     10
D2011 41    44    祖玛弓箭手          200     20     10
D2011 41    44    祖玛弓箭手3          200     20     10
D2011 41    44    邪恶毒蛇           200     20     10
D2011 41    44    虹魔猪卫0         100   5     10
D2011 41    44    邪恶毒蛇           100   5     10
D2011 41    44    祖玛雕像           100   5     10
炼狱回廊
D2012 41    44    白野猪           100   5     10
D2012 41    44    白野猪           100   5     10
D2012 41    44    白野猪           100   5     10
D2012 41    44    白野猪0          100   5     10
D2012 41    44    蝎蛇           200     20     10
D2012 41    44    祖玛雕像           200     20     10
D2012 41    44    白野猪0          200     20     10
D2012 41    44    虹魔蝎卫          200     20     10
D2012 41    44    虹魔猪卫           200     20     10
D2012 41    44    虹魔猪卫0         200     20     10
D2012 41    44    邪恶毒蛇           200     20     10
D2012 41    44    祖玛卫士           200     20     10
D2012 41    44    祖玛雕像           200     20     10
D2012 41    44    祖玛弓箭手          200     20     10
D2012 41    44    祖玛弓箭手3          200     20     10
D2012 41    44    邪恶毒蛇           200     20     10
D2012 41    44    虹魔猪卫0         200     20     10
D2012 41    44    邪恶毒蛇           200     20     10
D2012 41    44    祖玛雕像           200     20     10
封魔殿
D2013 41    44    白野猪           200     20     10
D2013 41    44    白野猪           200     20     10
D2013 41    44    白野猪           200     20     10
D2013 41    44    白野猪0          200     20     10
D2013 41    44    蝎蛇           200     20     10
D2013 41    44    祖玛雕像           200     20     10
D2013 41    44    白野猪0          200     20     10
D2013 41    44    虹魔蝎卫          200     20     10
D2013 41    44    虹魔猪卫           200     20     10
D2013 41    44    虹魔猪卫0         100   5     10
D2013 41    44    邪恶毒蛇           100   5     10
D2013 41    44    祖玛卫士           200     20     10
D2013 41    44    祖玛雕像           200     20     10
D2013 41    44    祖玛弓箭手          200     20     10
D2013 41    44    祖玛弓箭手3          200     20     10
D2013 41    44    邪恶毒蛇           200     20     10
D2013 41    44    虹魔猪卫0         200     20     10
D2013 41    44    邪恶毒蛇           200     20     10
D2013 41    44    祖玛雕像           200     20     10
D2013 41    44    祖玛弓箭手3          100   5     10
D2013 41    44    邪恶毒蛇           100   5     10
D2013 41    44    虹魔猪卫0         100   5     10
D2013 41    44    邪恶毒蛇           100   5     10
D2013 41    44    祖玛雕像           100   5     10

;抉择之地
D1004	 	150	 	150	 	花吻蜘蛛	 	150	 	30	 	6
D1004	 	150	 	150	 	月魔蜘蛛	 	150	 	20	 	7
D1004	 	150	 	150	 	幻影蜘蛛	 	150	 	10	 	8
D1004	 	150	 	150	 	邪恶巨人	 	150	 	20	 	9
D1004	 	150	 	150	 	花吻蜘蛛0	 	150	 	32	 	60
D1004	 	150	 	150	 	血巨人0	 	        150	 	5	 	30
;特殊 进老巢的路口
D1004	 	150	 	150	 	钢牙蜘蛛	 	7	 	6	 	6
D1004	 	150	 	150	 	花吻蜘蛛	 	7	 	6	 	6
D1004	 	150	 	150	 	月魔蜘蛛	 	7	 	4	 	7
D1004	 	150	 	150	 	邪恶巨人	 	7	 	4	 	9
D1004	 	150	 	150	 	花吻蜘蛛0	 	7	 	10	 	60
D1004	 	150	 	150	 	血巨人0	 	        7	 	2	 	30
D1004	 	150	 	150	 	黑锷蜘蛛	 	7	 	8	 	12
D1004	 	150	 	150	 	天狼蜘蛛	 	7	 	8	 	8

;特殊 进祭坛的路口
D1004	 	140	 	117	 	钢牙蜘蛛	 	7	 	8	 	6
D1004	 	140	 	117	 	花吻蜘蛛	 	7	 	8	 	6
D1004	 	140	 	117	 	月魔蜘蛛	 	7	 	6	 	7
D1004	 	140	 	117	 	邪恶巨人	 	7	 	4	 	9
D1004	 	140	 	117	 	花吻蜘蛛0	 	7	 	8	 	60
D1004	 	140	 	117	 	血巨人0	 	        7	 	4	 	30
D1004	 	140	 	117	 	黑锷蜘蛛	 	7	 	8	 	12
D1004	 	140	 	117	 	天狼蜘蛛	 	7	 	8	 	8



;山谷秘道
D10051	 	208	 	130	 	月魔蜘蛛	 	150	 	52	 	7
D10051	 	208	 	130	 	黑锷蜘蛛	 	150	 	52	 	8
D10051	 	208	 	130	 	幻影蜘蛛	 	150	 	52	 	9
D10051	 	208	 	130	 	邪恶巨人	 	150	 	16	 	10
D10051	 	208	 	130	 	血僵尸1	 	        150	 	25	 	25
D10051	 	208	 	130	 	血僵尸	 	        150	 	12	 	26
D10051	 	208	 	130	 	血巨人0	 	        150	 	15	 	27
D10051	 	208	 	130	 	血僵尸	 	        150	 	12	 	28
D10051	 	208	 	130	 	血巨人0	 	        150	 	15	 	29

D10052	 	150	 	150	 	月魔蜘蛛	 	150	 	22	 	25
D10052	 	150	 	150	 	月魔蜘蛛	 	150	 	22	 	26
D10052	 	150	 	150	 	黑锷蜘蛛	 	150	 	22	 	27
D10052	 	150	 	150	 	血僵尸1	 	        150	 	25	 	28
D10052	 	150	 	150	 	血僵尸	 	        150	 	5	 	29
D10052	 	150	 	150	 	幻影蜘蛛	 	150	 	32	 	30
D10052	 	150	 	150	 	邪恶巨人	 	150	 	12	 	31
D10052	 	150	 	150	 	黑锷蜘蛛0	 	150	 	18	 	32
D10052	 	150	 	150	 	血巨人0	 	        150	 	5	 	60

;赤月恶魔老巢	 		 		 		 		 		 	
D10062	 	30	 	30	 	月魔蜘蛛	 	75	 	5	 	29
D10062	 	30	 	30	 	邪恶巨人	 	75	 	3	 	29
D10062	 	30	 	30	 	黑锷蜘蛛	 	75	 	5	 	29
D10062	 	30	 	30	 	黑锷蜘蛛3	 	75	 	3	 	29
D10062	 	30	 	30	 	花吻蜘蛛	 	30	 	4	 	29
D10062	 	30	 	30	 	花吻蜘蛛1	 	30	 	4	 	15
D10062	 	17	 	21	 	血巨人	 	        21	 	3	 	28
D10062	 	23	 	18	 	赤月恶魔	 	0	 	1	 	60
D10062          30              30              双头金刚                75              3               60 
D10062          30              30              双头血魔                75              3               60
;恶魔祭坛
D10061	 	15	 	25	 	钢牙蜘蛛	 	30	 	6	 	20
D10061	 	15	 	25	 	花吻蜘蛛	 	30	 	5	 	20
D10061	 	9	 	18	 	月魔蜘蛛	 	30	 	5	 	20
D10061	 	15	 	25	 	钢牙蜘蛛	 	30	 	5	 	20
D10061	 	15	 	25	 	花吻蜘蛛	 	30	 	5	 	20
D10061	 	9	 	18	 	血僵尸	 	        30	 	3	 	20
D10061	 	9	 	18	 	月魔蜘蛛	 	30	 	5	 	20
D10061	 	7	 	20	 	黑锷蜘蛛3	 	30	 	5	 	11
D10061	 	9	 	18	 	双头金刚	 	30	 	3	 	60
D10061	 	9	 	18	 	双头血魔	 	30	 	3	 	60
D10061	 	10	 	18	 	赤月恶魔	 	0	 	1	 	60


1002            12              12              虎卫                   5                1               60
1002            12              12              鹰卫                   5                2               60
11	 	200	 	200	 	鹰卫	 	       200	 	5	 	60

	 		 		 		 		 		 	

	 		 		 		 	
;封魔
4	 	58	 	69	 	半兽勇士	 	10	 	5	 	10
4	 	255	 	230	 	半兽勇士	 	500	 	20	 	11
4	 	255	 	230	 	骷髅精灵	 	500	 	2	 	12
4	 	255	 	230	 	僵尸4	 	        500	 	10	 	13
4	 	255	 	230	 	僵尸2	 	        500	 	10	 	14
4	 	255	 	230	 	骷髅精灵10	 	500	 	2	 	27
4	 	123	 	404	 	千年树妖	 	0	 	1	 	60

4	 	255	 	230	 	恶魔弓箭手	 	0	 	1	 	40
4	 	256	 	231	 	恶魔弓箭手	 	0	 	1	 	41
4	 	254	 	229	 	恶魔弓箭手	 	0	 	1	 	42
4	 	253	 	228	 	恶魔弓箭手	 	0	 	1	 	43
4	 	252	 	227	 	恶魔弓箭手	 	0	 	1	 	44
4	 	250	 	235	 	恶魔弓箭手	 	0	 	1	 	45
4	 	251	 	236	 	恶魔弓箭手	 	0	 	1	 	46
4	 	249	 	234	 	恶魔弓箭手	 	0	 	1	 	47
4	 	248	 	233	 	恶魔弓箭手	 	0	 	1	 	48
4	 	247	 	232	 	恶魔弓箭手	 	0	 	1	 	49
4	 	253	 	183	 	恶魔弓箭手	 	0	 	1	 	50
4	 	252	 	184	 	恶魔弓箭手	 	0	 	1	 	51
4	 	251	 	185	 	恶魔弓箭手	 	0	 	1	 	52
4	 	250	 	186	 	恶魔弓箭手	 	0	 	1	 	53
4	 	249	 	187	 	恶魔弓箭手	 	0	 	1	 	54
4	 	257	 	186	 	恶魔弓箭手	 	0	 	1	 	55
4	 	256	 	187	 	恶魔弓箭手	 	0	 	1	 	56
4	 	255	 	188	 	恶魔弓箭手	 	0	 	1	 	57
4	 	254	 	189	 	恶魔弓箭手	 	0	 	1	 	58
4	 	253	 	190	 	恶魔弓箭手	 	0	 	1	 	59
4	 	215	 	193	 	恶魔弓箭手	 	0	 	1	 	60
4	 	219	 	189	 	恶魔弓箭手	 	0	 	1	 	61
;封魔矿区
D2000	 	100	 	100	 	僵尸2	 	100	 	15	 	10
D2000	 	100	 	100	 	洞蛆	 	100	 	15	 	12
D2000	 	100	 	100	 	僵尸20	 	100	 	3	 	13
D2000	 	100	 	100	 	僵尸30	 	100	 	3	 	14
;崎路
D2001	 	238	 	120	 	僵尸1	 	200	 	40	 	5
D2001	 	238	 	120	 	僵尸10	 	200	 	10	 	6
D2001	 	238	 	120	 	僵尸2	 	200	 	10	 	7
D2001	 	238	 	120	 	僵尸20	 	200	 	10	 	8
D2001	 	238	 	120	 	僵尸3	 	200	 	10	 	9
D2001	 	238	 	120	 	僵尸30	 	100	 	10	 	10
D2001	 	238	 	120	 	僵尸4	 	200	 	40	 	11
D2001	 	238	 	120	 	僵尸40	 	100	 	10	 	12

;连接通道
D2002	 	21	 	23	 	尸王	 	1	 	1	 	25
D2002	 	21	 	23	 	尸王3	 	1	 	1	 	26
D2002	 	21	 	23	 	尸王3	 	1	 	1	 	27
D2002	 	21	 	23	 	尸王3	 	1	 	1	 	28
D2002	 	21	 	23	 	僵尸1	 	1	 	7	 	7
D2002	 	21	 	23	 	僵尸10	 	1	 	1	 	8
D2002	 	21	 	23	 	僵尸2	 	1	 	7	 	9
D2002	 	21	 	23	 	僵尸20	 	1	 	1	 	7
D2002	 	21	 	23	 	僵尸3	 	1	 	7	 	8
D2002	 	21	 	23	 	僵尸30	 	1	 	1	 	9

;地图名：魔龙血域
66  150 150 魔龙刀兵 250  50  5
66  150 150 魔龙刀兵 250  50  10
66  150 150 魔龙刀兵1 250  25  10
66  150 150 魔龙刀兵2 250  5  20
66  150 150 魔龙破甲兵 250  50  5
66  150 150 魔龙破甲兵 250  50  10
66  150 150 魔龙破甲兵1 250  25  10
66  150 150 魔龙破甲兵2 250  5  10
66  150 150 魔龙射手 250  50  5
66  150 150 魔龙射手 250  50  10
66  150 150 魔龙射手1 250  25  10
66  150 150 魔龙射手2 250  15  20

66  150 150 魔龙力士 250 10  30
66  150 150 魔龙巨蛾 250 11  30
66  150 150 魔龙战将 250 13  30

66  213 54   暗之魔龙教主 0 1 180
66  58 62   魔龙教主  0 1 120
66  77 213   魔龙教主  0 1 120

61  150 150 魔龙刀兵 250  50  5
61  150 150 魔龙刀兵 250  50  10
61  150 150 魔龙刀兵1 250  25  10
61  150 150 魔龙刀兵2 250  5  20
61  150 150 魔龙破甲兵 250  50  5
61  150 150 魔龙破甲兵 250  50  10
61  150 150 魔龙破甲兵1 250  25  10
61  150 150 魔龙破甲兵2 250  5  10
61  150 150 魔龙射手 250  50  5
61  150 150 魔龙射手 250  50  10
61  150 150 魔龙射手1 250  25  10
61  150 150 魔龙射手2 250  15  20
61  150 150 魔龙力士 250 1 10
61  150 150 魔龙力士 250 1 15
61  150 150 魔龙战将 250 1 10
61  150 150 魔龙巨蛾 250 1 15
61  150 150 魔龙巨蛾 250 4 10
61  150 150 魔龙战将 250 4 15

611  150 150 魔龙刀兵 250  50  5
611  150 150 魔龙刀兵 250  50  10
611  150 150 魔龙刀兵1 250  25  10
611  150 150 魔龙刀兵2 250  5  20
611  150 150 魔龙破甲兵 250  50  5
611  150 150 魔龙破甲兵 250  50  10
611  150 150 魔龙破甲兵1 250  25  10
611  150 150 魔龙破甲兵2 250  5  10
611  150 150 魔龙射手 250  50  5
611  150 150 魔龙射手 250  50  10
611  150 150 魔龙射手1 250  25  10
611  150 150 魔龙射手2 250  15  20
611  150 150 魔龙力士 250  4  30
611  150 150 魔龙巨蛾 250  4  30
611  150 150 魔龙战将 250  4  30

612  150 150 魔龙刀兵 250  50  5
612  150 150 魔龙刀兵 250  50  10
612  150 150 魔龙刀兵1 250  25  10
612  150 150 魔龙刀兵2 250  5  20
612  150 150 魔龙破甲兵 250  50  5
612  150 150 魔龙破甲兵 250  50  10
612  150 150 魔龙破甲兵1 250  25  10
612  150 150 魔龙破甲兵2 250  5  10
612  150 150 魔龙射手 250  50  5
612  150 150 魔龙射手 250  50  10
612  150 150 魔龙射手1 250  25  10
612  150 150 魔龙射手2 250  15  20
612  150 150 魔龙力士 10  4  30
612  150 150 魔龙巨蛾 10  4  30
612  150 150 魔龙战将 10  4  30

613  150 150 魔龙刀兵 250  50  5
613  150 150 魔龙刀兵 250  50  10
613  150 150 魔龙刀兵1 250  25  10
613  150 150 魔龙刀兵2 250  5  20
613  150 150 魔龙破甲兵 250  50  5
613  150 150 魔龙破甲兵 250  50  10
613  150 150 魔龙破甲兵1 250  25  10
613  150 150 魔龙破甲兵2 250  5  10
613  150 150 魔龙射手 250  50  5
613  150 150 魔龙射手 250  50  10
613  150 150 魔龙射手1 250  25  10
613  150 150 魔龙射手2 250  15  20
613  150 150 魔龙力士 10  4  30

613  150 150 魔龙巨蛾 10  4  30
613  150 150 魔龙战将 10  4  30

62  150 150 魔龙刀兵 250  50  5
62  150 150 魔龙刀兵 250  50  10
62  150 150 魔龙刀兵1 250  25  10
62  150 150 魔龙刀兵2 250  5  20
62  150 150 魔龙破甲兵 250  50  5
62  150 150 魔龙破甲兵 250  50  10
62  150 150 魔龙破甲兵1 250  25  10
62  150 150 魔龙破甲兵2 250  5  10
62  150 150 魔龙射手 250  50  5
62  150 150 魔龙射手 250  50  10
62  150 150 魔龙射手1 250  25  10
62  150 150 魔龙射手2 250  15  20
62  150 150 魔龙力士 10  4  30
62  150 150 魔龙巨蛾 10  4  30
62  150 150 魔龙战将 10  4  30

621  150 150 魔龙刀兵 250  50  5
621 150 150 魔龙刀兵 250  50  10
621  150 150 魔龙刀兵1 250  25  10
621  150 150 魔龙刀兵2 250  5  20
621  150 150 魔龙破甲兵 250  50  5
621  150 150 魔龙破甲兵 250  50  10
621  150 150 魔龙破甲兵1 250  25  10
621  150 150 魔龙破甲兵2 250  5  10
621  150 150 魔龙射手 250  50  5
621  150 150 魔龙射手 250  50  10
621  150 150 魔龙射手1 250  25  10
621  150 150 魔龙射手2 250  15  20
621  150 150 魔龙力士 10  4  30
621  150 150 魔龙巨蛾 10  4  30
621  150 150 魔龙战将 10  4  30

622  150 150 魔龙刀兵 250  50  5
622  150 150 魔龙刀兵 250  50  10
622  150 150 魔龙刀兵1 250  25  10
622  150 150 魔龙刀兵2 250  5  20
622  150 150 魔龙破甲兵 250  50  5
622  150 150 魔龙破甲兵 250  50  10
622  150 150 魔龙破甲兵1 250  25  10
622  150 150 魔龙破甲兵2 250  5  10
622  150 150 魔龙射手 250  50  5
622  150 150 魔龙射手 250  50  10
622  150 150 魔龙射手1 250  25  10
622  150 150 魔龙射手2 250  15  20
622  150 150 魔龙力士 10  4  30
622  150 150 魔龙巨蛾 10  4  30
622  150 150 魔龙战将 10  4  30

63  150 150 魔龙刀兵 250  50  5
63  150 150 魔龙刀兵 250  50  10
63  150 150 魔龙刀兵1 250  25  10
63  150 150 魔龙刀兵2 250  5  20
63  150 150 魔龙破甲兵 250  50  5
63  150 150 魔龙破甲兵 250  50  10
63  150 150 魔龙破甲兵1 250  25  10
63  150 150 魔龙破甲兵2 250  5  10
63  150 150 魔龙射手 250  50  5
63  150 150 魔龙射手 250  50  10
63  150 150 魔龙射手1 250  25  10
63  150 150 魔龙射手2 250  15  20
63  150 150 魔龙力士 10  4  30
63  150 150 魔龙巨蛾 10  4  30
63  150 150 魔龙战将 10  4  30

631  150 150 魔龙刀兵 250  50  5
631  150 150 魔龙刀兵 250  50  10
631  150 150 魔龙刀兵1 250  25  10
631  150 150 魔龙刀兵2 250  5  20
631  150 150 魔龙破甲兵 250  50  5
631  150 150 魔龙破甲兵 250  50  10
631  150 150 魔龙破甲兵1 250  25  10
631  150 150 魔龙破甲兵2 250  5  10
631  150 150 魔龙射手 250  50  5
631  150 150 魔龙射手 250  50  10
631  150 150 魔龙射手1 250  25  10
631  150 150 魔龙射手2 250  15  20

631  150 150 魔龙力士 10  4  30
631  150 150 魔龙巨蛾 10  4  30
631  150 150 魔龙战将 10  4  30

632  150 150 魔龙刀兵 250  20  5
632  150 150 魔龙刀兵 250  20  10
632  150 150 魔龙刀兵1 250  15  10
632  150 150 魔龙刀兵2 250  5  20
632  150 150 魔龙破甲兵 250  20  5
632  150 150 魔龙破甲兵 250  20  10
632  150 150 魔龙破甲兵1 250  15  10
632  150 150 魔龙破甲兵2 250  5  10
632  150 150 魔龙射手 250  50  5
632  150 150 魔龙射手 250  50  10
632  150 150 魔龙射手1 250  25  10
632  150 150 魔龙射手2 250  15  20
632  150 150 魔龙力士 10  4  30
632  150 150 魔龙巨蛾 10  4  30
632  150 150 魔龙战将 10  4  30

64  150 150 魔龙刀兵 250  50  5
64  150 150 魔龙刀兵 250  50  10
64  150 150 魔龙刀兵1 250  25  10
64  150 150 魔龙刀兵2 250  5  20
64  150 150 魔龙破甲兵 250  50  5
64  150 150 魔龙破甲兵 250  50  10
64  150 150 魔龙破甲兵1 250  25  10
64  150 150 魔龙破甲兵2 250  5  10
64  150 150 魔龙射手 250  50  5
64  150 150 魔龙射手 250  50  10
64  150 150 魔龙射手1 250  25  10
64  150 150 魔龙射手2 250  15  20
64  150 150 魔龙力士 10  4  30


64  150 150 魔龙巨蛾 10  4  30

64  150 150 魔龙战将 10  4  30

65  150 150 魔龙刀兵 250  50  5
65  150 150 魔龙刀兵 250  50  10
65  150 150 魔龙刀兵1 250  25  10
65  150 150 魔龙刀兵2 250  5  20
65  150 150 魔龙破甲兵 250  50  5
65  150 150 魔龙破甲兵 250  50  10
65  150 150 魔龙破甲兵1 250  25  10
65  150 150 魔龙破甲兵2 250  5  10
65  150 150 魔龙射手 250  50  5
65  150 150 魔龙射手 250  50  10
65  150 150 魔龙射手1 250  25  10
65  150 150 魔龙射手2 250  15  20


65  60 158   魔龙刀兵2   20   30    20
65  60 158   魔龙破甲兵  20   30    5
65  60 158   魔龙射手    20   10    5

65  150 150 魔龙力士 10  4  30
65  150 150 魔龙战将 10  4  30
65  150 150 魔龙巨蛾 10  4  30




;地图名：火龙巢穴
;D2081	323	46	火龙刀兵	100	20	20
;D2081	312	160	火龙巨蛾	100	20	20
;D2081	239	167	火龙力士	100	20	20
;D2081	151	156	火龙破甲兵	100	20	20
;D2081	35	53	火龙射手	100	20	20

;D2081	83	192	火龙刀兵	100	20	20
;D2081	374	245	火龙巨蛾	100	20	30
;D2081	240	311	火龙力士	100	20	30
;D2081	124	275	火龙破甲兵	100	20	30
;D2081	175	367	火龙射手	100     20	30
;D2081	267	121	火龙战将	100	25	20
;D2081	359	119	火龙战将	100	20	20
;D2081	162	110	火龙战将	100	15	30
;D2081	92	43	火龙战将	100	25	20
;D2081	77	273	火龙战将	100	25	30
;D2081	286	329	火龙战将	100	25	30
;D2081	113	226	火龙力士	100	20	30
;D2081	205	281	火龙力士	100	20	30
;D2081	196	223	火龙巨蛾	100	20	20
;D2081	300	361	火龙巨蛾	100	20	20
;D2081	377	296	火龙刀兵	100	20	30
;D2081	215	118	火龙刀兵	100	20	30
;D2081	377	183	火龙破甲兵	100	20	20
;D2081	21	230	火龙破甲兵	100	20	30
;D2081	254	262	火龙战将	100	20	30
;D2081	163	228	火龙巨蛾	100	20	30
;D2081	318	139	火龙刀兵	100	20	30
;D2081   191     207     火龙刀兵        200     20      20
;D2081   191     207     火龙力士        200     20      20
;D2081   191     207     火龙力士        200     20      20


;火龙地带
;D2082 203 176  火龙力士   200 150  10
;D2082 203 176  火龙刀兵   200 150  10
;D2082 203 176  火龙巨蛾   200 100  10
;D2082 203 176  火龙战将   200 100  10

;火龙巢穴
;D2083 50 50    火龙力士   30   15   10
;D2083 50 50    火龙战将   30   15   10
;D2083 50 50    火龙刀兵   30   20   10
;D2083 50 50    火龙破甲兵   30   20   10
;D2083 83 42    火龙教主   0    1    240



;封魔皇宫
B341	 	18	 	19	 	沃玛卫士	        20	 	2	 	60
;同心小径
M100	 	30	 	40	 	红野猪0	 	     500	 	15	 	6
M100	 	30	 	40	 	红野猪	 	     500	 	15	 	8
M100	 	30	 	40	 	黑野猪0	 	     500	 	15	 	6
M100	 	30	 	40	 	黑野猪	 	     500	 	15	 	7
M100	 	30	 	40	 	白野猪	 	     500	 	5	 	6
M100	 	30	 	40	 	白野猪	 	     500	 	5	 	9
M100	 	30	 	40	 	蝎蛇	 	     500	 	15	 	7
M100	 	30	 	40	 	虹魔猪卫	     500	 	1	 	31
M100	 	30	 	40	 	虹魔猪卫0	     500	 	1	 	41

;苍月岛	 		 		 		 		 		 	

5	 	162	 	220	 	宝箱	 	       50	 	10	 	31
5	 	162	 	220	 	宝箱0	 	      500	 	1	 	61

;尸魔洞三层
D2052	 	50	 	50	 	恶灵僵尸	 	50	 	20	 	15
D2052	 	50	 	50	 	恶灵僵尸	 	50	 	20	 	25
D2052	 	50	 	50	 	恶灵僵尸	 	50	 	20	 	16
D2052	 	50	 	50	 	恶灵僵尸	 	50	 	20	 	26
D2052	 	50	 	50	 	恶灵尸王	 	50	 	20	 	17
D2052	 	50	 	50	 	恶灵尸王	 	50	 	20	 	18


;牛魔寺庙 牛魔寺庙四层
D2075	 	100	 	100	 	牛魔战士0	 	100	 	15	 	10
D2075	 	100	 	100	 	牛魔法师	 	100	 	15	 	12
D2075	 	100	 	100	 	牛魔法师0	 	100	 	15	 	13
D2075	 	100	 	100	 	牛魔将军	 	100	 	20	 	14
D2075	 	100	 	100	 	牛魔将军0	 	100	 	15	 	15
D2075	 	100	 	100	 	牛魔战士	 	100	 	10	 	10
D2075	 	250	 	250	 	牛魔祭司	 	250	 	20	 	14
D2075	 	250	 	250	 	牛魔祭司0	 	250	 	10	 	13
D2075	 	250	 	250	 	牛头魔	 	        250	 	20	 	12
D2075	 	250	 	250	 	牛头魔0	 	        250	 	15	 	11
D2075	 	250	 	250	 	牛魔斗士	 	250	 	20	 	15
D2075	 	200	 	200	 	牛魔斗士0	 	200	 	15	 	60
;牛魔寺庙五层
D2076	 	100	 	100	 	牛魔侍卫	 	100	 	50	 	13
D2076	 	100	 	100	 	牛魔将军	 	100	 	50	 	14
D2076	 	100	 	100	 	牛魔将军	 	100	 	40	 	18
D2076	 	100	 	100	 	牛魔祭司	 	100	 	40	 	15
D2076	 	250	 	250	 	牛头魔	 	        250	 	50	 	16
D2076	 	250	 	250	 	牛魔斗士	 	250	 	50	 	20
D2076	 	250	 	250	 	牛魔侍卫	 	250	 	50	 	15
D2076	 	250	 	250	 	牛魔祭司	 	250	 	50	 	16
D2076	 	250	 	250	 	牛魔斗士	 	100	 	40	 	15
D2076	 	200	 	200	 	牛魔将军	 	100	 	30	 	17
;牛魔寺庙六层
D2078	 	150	 	150	 	牛头魔	 	        150	 	20	 	15
D2078	 	150	 	150	 	牛魔斗士	 	150	 	20	 	16
D2078	 	150	 	150	 	牛魔法师	 	150	 	20	 	17
D2078	 	150	 	150	 	牛魔战士	 	150	 	20	 	18
D2078	 	150	 	150	 	牛头魔	 	        150	 	20	 	19
D2078	 	150	 	150	 	牛魔将军	 	150	 	20	 	20
D2078	 	150	 	150	 	牛魔法师	 	150	 	20	 	10
D2078	 	150	 	150	 	牛魔祭司	 	150	 	20	 	12
D2078	 	150	 	150	 	牛魔祭司	 	150	 	20	 	11
D2078	 	200	 	200	 	牛魔斗士	 	150	 	20	 	12
D2078	 	200	 	200	 	牛魔将军	 	150	 	20	 	21
D2078	 	200	 	200	 	牛魔法师	 	150	 	20	 	15
D2078	 	200	 	200	 	牛魔战士	 	150	 	20	 	16
D2078	 	200	 	200	 	牛魔祭司	 	150	 	20	 	15

;特殊
D2078	 	150	 	150	 	牛头魔	 	        12	 	40	 	15
D2078	 	150	 	150	 	牛魔斗士	 	12	 	40	 	16
D2078	 	200	 	200	 	牛魔将军	 	12	 	20	 	21
D2078	 	200	 	200	 	牛魔法师	 	12	 	20	 	15
D2078	 	200	 	200	 	牛魔战士	 	12	 	40	 	16
D2078	 	200	 	200	 	牛魔祭司	 	12	 	20	 	15



;牛魔寺庙大厅
D2079	 	67	 	67	 	牛魔将军0	 	30	 	16	 	11
D2079	 	38	 	67	 	牛魔战士	 	30	 	15	 	12
D2079	 	52	 	51	 	暗之牛魔王	 	 0	 	1	 	120
D2079           52	 	51	        牛魔王 	                 0	 	1	 	120
D2079	 	52	 	51	 	牛魔将军	 	30	 	20	 	31
D2079	 	52	 	51	 	牛魔将军	 	30	 	20	 	25
D2079	 	52	 	51	 	牛魔将军	 	30	 	20	 	20
D2079	 	52	 	51	 	牛魔将军	 	30	 	20	 	15
D2079	 	52	 	51	 	牛魔法师	 	30	 	30	 	14
D2079	 	52	 	51	 	牛魔祭司0	 	30	 	10	 	15
D2079	 	52	 	51	 	牛魔祭司	 	30	 	20	 	16
D2079	 	52	 	51	 	牛魔祭司	 	30	 	20	 	11
D2079	 	52	 	51	 	牛魔祭司	 	30	 	20	 	19
D2079	 	52	 	51	 	牛魔斗士	 	30	 	30	 	21

;圣域
B105    11    14    圣域恶魔          5    1      120
B104    11    14    圣域教主          5    1       60

B103    11    14    圣域祭司          5    1      30
B103    11    14    圣域将军          5    1      30
B103    11    14    圣域魔魂          5    1      30
B103    11    14    圣域修罗          5    1      30
B103    11    14    圣域牛魔王        5    1      30

B102    11    14    圣域金刚          5    1      20
B102    11    14    圣域蝎卫          5    1      20
B102    11    14    圣域猪卫          5    1      20
B102    11    14    圣域血魔          5    1      20
B102    11    14    圣域蜘蛛          5    1      20

B101    11    14    圣域蛇王1         5    1      10
B101    11    14    圣域半兽人        5    1      10
B101    11    14    圣域尸王          5    1      10
B101    11    14    圣域钳虫          5    1      10
B101    11    14    圣域护卫          5    1      10

;圣域
B102    11    14    圣域教主          10    1      6
B103    11    14    圣域牛魔王        10    1      6
B104    11    14    圣域护卫          10    1      6
B105    11    14    圣域稻草人        10    1      6
B106    11    14    圣域金刚          10    1      6
B107    11    14    圣域雪人          10    1      6
B108    11    14    圣域蛇王          10    1      6
B109    11    14    圣域猪卫          10    1      6
B110    11    14    圣域多钩猫        10    1      6
B111    11    14    圣域杀手          10    1      6
B112    11    14    圣域祭司          10    1      6
B113    11    14    圣域将军          10    1      6
B114    11    14    圣域冥狼          10    1      6
B115    11    14    圣域法师          10    1      6
B116    11    14    圣域斗士          10    1      6
B117    11    14    圣域钉耙猫        10    1      6
B118    11    14    圣域战士          10    1      6
B119    11    14    圣域侍卫          10    1      6
B120    11    14    圣域月魔          10    1      6
B121    11    14    圣域钳虫          10    1      6
B122    11    14    圣域精灵          10    1      6
B123    11    14    圣域魔魂          10    1      6
B124    11    14    圣域长枪兵        10    1      6
B125    11    14    圣域血魔          10    1      6
B126    11    14    圣域修罗          10    1      6
B127    11    14    圣域蝙蝠          10    1      6
B128    11    14    圣域刀斧手        10    1      6
B129    11    14    圣域弓箭手        10    1      6
B130    11    14    圣域半兽人        10    1      6
B131    11    14    圣域蝎卫          10    1      6
B132    11    14    圣域骷髅          10    1      6
B133    11    14    圣域尸王          10    1      6
B134    11    14    圣域蛤蟆          10    1      6
B135    11    14    圣域蝎子          10    1      6




;6个爆衣服的刷	 		 		 		 		 		 	
T232	 	22	 	24	 	暗之沃玛教主	 	10	 	1	 	60
T339	 	18	 	26	 	暗之骷髅精灵	 	10	 	1	 	60
T219	 	50	 	80	 	暗之双头金刚	 	10	 	1	 	60
T315	 	150	 	140	 	暗之黄泉教主	 	10	 	1	 	60
T118	 	14	 	15	 	暗之双头血魔	 	10	 	1	 	60
T218	 	14	 	15	 	暗之虹魔教主	 	10	 	1	        60
;王者禁地
H106	 	100	 	100	 	暗之沃玛教主0	 	30	 	1	 	60
H106	 	100	 	100	 	暗之骷髅精灵0	 	30	 	1	 	60
H106	 	100	 	100	 	暗之双头金刚0	 	30	 	1	 	60
H106	 	100	 	100	 	暗之黄泉教主0	 	30	 	1	 	60
H106	 	100	 	100	 	暗之双头血魔0	 	30	 	1	 	60
H106	 	100	 	100	 	暗之虹魔教主0	 	30	 	1	        60

;幻境一层	 		 		 		 		 		 	
H001	 	75	 	75	 	恶灵僵尸8	 	75	 	100	 	10
H001	 	75	 	75	 	恶灵僵尸8	 	75	 	100	 	11
H001	 	75	 	75	 	恶灵僵尸8	 	75	 	100	 	12
H001	 	75	 	75	 	恶灵僵尸8	 	75	 	100	 	13
H001	 	75	 	75	 	恶灵尸王8	 	75	 	100	 	14
H001	 	75	 	75	 	蜈蚣8	 	        75	 	100	 	15
H001	 	75	 	75	 	黑色恶蛆8	 	75	 	82	 	16
H001	 	75	 	75	 	跳跳蜂8	 	        75	 	30	 	17
H001	 	75	 	75	 	钳虫8	 	        75	 	100	 	19
;;特殊	 		 		 		 		 		 	
H001	 	75	 	75	 	尸王8	 	        75	 	2	 	19
H001	 	75	 	75	 	尸王8	 	        75	 	2	 	18
H001	 	75	 	75	 	骷髅精灵8	 	75	 	2	 	15
H001	 	75	 	75	 	骷髅精灵8	 	75	 	2	 	16
H001	 	75	 	75	 	骷髅精灵8	 	75	 	2	 	17
;幻境二层	 		 		 		 		 		 	
H002	 	251	 	41	 	红野猪8	 	30	 	50	 	5
H002	 	321	 	72	 	红野猪8	 	30	 	50	 	6
H002	 	363	 	146	 	红野猪8	 	30	 	50	 	7
H002	 	172	 	59	 	红野猪8	 	30	 	50	 	8
H002	 	210	 	93	 	红野猪8	 	30	 	50	 	9
H002	 	200	 	200	 	红野猪8	 	30	 	50	 	10
H002	 	304	 	340	 	红野猪8	 	30	 	50	 	11
H002	 	251	 	41	 	黑野猪8	 	30	 	50	 	12
H002	 	262	 	140	 	黑野猪8	 	30	 	50	 	10
H002	 	309	 	19	 	黑野猪8	 	30	 	50	 	5
H002	 	350	 	303	 	黑野猪8	 	30	 	50	 	6
H002	 	111	 	105	 	黑野猪8	 	30	 	50	 	7
H002	 	321	 	72	 	红野猪8	 	30	 	50	 	8
H002	 	363	 	146	 	红野猪8	 	30	 	50	 	9
H002	 	172	 	59	 	红野猪8	 	30	 	50	 	10
H002	 	210	 	93	 	黑野猪8	 	30	 	50	 	11
H002	 	200	 	200	 	红野猪8	 	30	 	50	 	10
H002	 	255	 	306	 	红野猪8	 	30	 	50	 	11
H002	 	112	 	250	 	黑野猪8	 	30	 	50	 	6
H002	 	114	 	314	 	黑野猪8	 	30	 	50	 	7
H002	 	304	 	340	 	黑野猪8	 	30	 	50	 	8
H002	 	200	 	200	 	楔蛾8	 	200	 	50	 	9
H002	 	200	 	200	 	蝎蛇8	 	200	 	50	 	16
;幻境三层	 		 		 		 		 		 	
H003	 	40	 	40	 	沃玛勇士8	 	20	 	38	 	5
H003	 	40	 	40	 	沃玛战将8	 	20	 	38	 	6
H003	 	40	 	40	 	火焰沃玛8	 	20	 	38	 	7
H003	 	40	 	40	 	沃玛战士8	 	20	 	38	 	8
H003	 	50	 	50	 	沃玛勇士8	 	20	 	30	 	9
H003	 	50	 	50	 	沃玛战将8	 	20	 	40	 	5
H003	 	50	 	50	 	火焰沃玛8	 	20	 	40	 	5
H003	 	50	 	50	 	沃玛战士8	 	20	 	38	 	6
H003	 	60	 	60	 	沃玛勇士8	 	20	 	38	 	7
H003	 	60	 	60	 	沃玛战将8	 	20	 	38	 	8
H003	 	60	 	60	 	火焰沃玛8	 	20	 	38	 	9
H003	 	60	 	60	 	沃玛战士8	 	20	 	38	 	5
H003	 	40	 	50	 	沃玛勇士8	 	20	 	38	 	5
H003	 	40	 	50	 	沃玛战将8	 	20	 	30	 	7
H003	 	50	 	60	 	火焰沃玛8	 	20	 	36	 	8
H003	 	50	 	60	 	沃玛战士8	 	20	 	28	 	9
H003	 	20	 	21	 	沃玛勇士8	 	7	 	28	 	5
H003	 	20	 	21	 	沃玛战将8	 	7	 	28	 	6
H003	 	20	 	21	 	火焰沃玛8	 	7	 	28	 	7
H003	 	20	 	21	 	沃玛战士8	 	7	 	22	 	8
H003	 	20	 	21	 	沃玛教主	 	7	 	1	 	120
;;特殊	 		 		 		 		 		 	
H003	 	50	 	50	 	沃玛卫士8	 	30	 	2	 	10
;幻境四层	 		 		 		 		 		 	
H004	 	19	 	39	 	黑色恶蛆8	 	70	 	20	 	7
H004	 	178	 	127	 	黑色恶蛆8	 	70	 	20	 	8
H004	 	19	 	39	 	跳跳蜂8	 	        70	 	25	 	9
H004	 	97	 	81	 	跳跳蜂8	 	        70	 	25	 	7
H004	 	57	 	166	 	跳跳蜂8	 	        70	 	25	 	8
H004	 	178	 	127	 	跳跳蜂8	 	        70	 	25	 	9
H004	 	19	 	39	 	巨型蠕虫8	 	70	 	25	 	7
H004	 	178	 	127	 	巨型蠕虫8	 	70	 	25	 	8
H004	 	19	 	39	 	钳虫8	 	        70	 	20	 	7
H004	 	100	 	100	 	钳虫8	 	        100	 	20	 	8
H004	 	100	 	100	 	钳虫8	 	        100	 	20	 	9
H004	 	100	 	100	 	蜈蚣8	 	        100	 	20	 	3
H004	 	100	 	100	 	蜈蚣8	 	        100	 	20	 	7
H004	 	100	 	100	 	蜈蚣8	 	        100	 	20	 	8
H004	 	100	 	100	 	邪恶钳虫8	 	100	 	12	 	60
H004	 	100	 	100	 	蜈蚣8	 	        50	 	12	 	9
H004	 	100	 	100	 	跳跳蜂8	 	        50	 	12	 	3
H004	 	100	 	100	 	巨型蠕虫8	 	50	 	12	 	3
H004	 	100	 	100	 	钳虫8	 	        50	 	12	 	3
;;特殊	 		 		 		 		 		 	
H004	 	83	 	168	 	触龙神8	 	        40	 	1	 	60
H004	 	83	 	168	 	变异史莱姆8	 	100	 	1	 	20
;幻境五层	 		 		 		 		 		 	
H005	 	200	 	190	 	骷髅锤兵8	 	100	 	30	 	3
H005	 	145	 	80	 	骷髅刀斧手8	 	100	 	30	 	9
H005	 	100	 	125	 	骷髅刀斧手8	 	100	 	30	 	5
H005	 	100	 	125	 	骷髅锤兵8	 	100	 	30	 	11
H005	 	200	 	190	 	骷髅弓箭手8	 	100	 	30	 	14
H005	 	100	 	145	 	骷髅长枪兵8	 	100	 	30	 	8
H005	 	100	 	145	 	骷髅刀斧手8	 	100	 	30	 	5
H005	 	100	 	125	 	骷髅锤兵8	 	100	 	30	 	10
H005	 	100	 	125	 	黄泉教主8	 	100	 	1	 	60
H005	 	100	 	125	 	黄泉教主8	 	100	 	1	 	60
;幻境六层	 		 		 		 		 		 	
H006	 	100	 	100	 	黑色恶蛆8	 	100	 	15	 	5
H006	 	100	 	100	 	黑色恶蛆8	 	100	 	25	 	6
H006	 	100	 	100	 	楔蛾8	 	        100	 	15	 	7
H006	 	100	 	100	 	楔蛾8	 	        100	 	25	 	3
H006	 	100	 	100	 	蝎蛇8	 	        100	 	35	 	9
H006	 	100	 	100	 	白野猪0	 	        100	 	8	 	5
H006	 	100	 	100	 	白野猪0	 	        100	 	8	 	6
H006	 	100	 	100	 	白野猪0	 	        100	 	8	 	7
H006	 	100	 	100	 	白野猪8	 	        100	 	5	 	3
H006	 	100	 	100	 	白野猪8	 	        100	 	5	 	3
H006	 	100	 	100	 	邪恶毒蛇8	 	100	 	2	 	3
H006	 	83	 	25	 	石墓尸王	 	0	 	1	 	29
H006	 	79	 	27              石墓尸王	 	0	 	1	 	29

;幻境七层	 		 		 		 		 		 	

H007	 	100	 	100	 	祖玛弓箭手8	 	100	 	30	 	11
H007	 	100	 	100	 	祖玛雕像8	 	100	 	30	 	12
H007	 	100	 	100	 	祖玛卫士8	 	100	 	20	 	13
H007	 	100	 	100	 	 楔蛾8	 	        100	 	30	 	14

H007            100             100             魔龙巨蛾                100             4              30
H007            100             100             魔龙战将                100             4              30
H007            100             100             魔龙力士                100             4              30

;;特殊	 		 		 		 		 		 	
H007	 	100	 	100	 	祖玛弓箭手3	 	100	 	10	 	10
H007	 	100	 	100	 	祖玛雕像3	 	100	 	10	 	11
H007	 	100	 	100	 	祖玛卫士3	 	100	 	20	 	12
H007	 	100	 	100	 	祖玛卫士8	 	100	 	8	 	13
H007	 	100	 	100	 	祖玛雕像8	 	100	 	20	 	14

;幻境迷宫	 		 	 	 		 		 		 	
T2061	 	19	 	24	 	角蝇8	 	5	 	1	 	10
T2061	 	19	 	24	 	楔蛾8	 	5	 	1	 	11
T2061	 	19	 	24	 	电僵王8	 	5	 	1	 	12
T2062	 	19	 	24	 	角蝇8	 	5	 	1	 	13
T2062	 	19	 	24	 	楔蛾8	 	5	 	1	 	14
T2062	 	19	 	24	 	电僵王8	 	5	 	1	 	16
T2063	 	19	 	24	 	角蝇8	 	5	 	1	 	17
T2063	 	19	 	24	 	楔蛾8	 	5	 	1	 	18
T2063	 	19	 	24	 	电僵王8	 	5	 	1	 	19
T3061	 	19	 	24	 	角蝇8	 	5	 	1	 	20
T3061	 	19	 	24	 	楔蛾8	 	5	 	1	 	10
T3061	 	19	 	24	 	电僵王8	 	5	 	1	 	11
T3062	 	19	 	24	 	角蝇8	 	5	 	1	 	12
T3062	 	19	 	24	 	楔蛾8	 	5	 	1	 	13
T3062	 	19	 	24	 	电僵王8	 	5	 	1	 	14
T3063	 	19	 	24	 	角蝇8	 	5	 	1	 	15
T3063	 	19	 	24	 	楔蛾8	 	5	 	1	 	16
T3063	 	19	 	24	 	电僵王8	 	5	 	1	 	17
;;特殊	 		 		 		 		 		 	
T1061	 	19	 	24	 	角蝇8	 	5	 	1	 	10
T1061	 	19	 	24	 	楔蛾8	 	5	 	1	 	11
T1061	 	19	 	24	 	电僵王8	 	5	 	1	 	12
T2062	 	19	 	24	 	重装使者	5	 	1	 	120
;幻境八层	 		 		 		 		 		 	
H008	 	61	 	26	 	祖玛雕像8	 	10	 	20	 	10
H008	 	40	 	45	 	祖玛卫士8	 	20	 	20	 	11
H008	 	40	 	45	 	祖玛弓箭手8	 	50	 	20	 	12
H008	 	26	 	58	 	祖玛雕像8	 	10	 	30	 	13
H008	 	40	 	45	 	楔蛾8	 	        60	 	30	 	14
;;特殊	 		 		 		 		 		 	
H008	 	40	 	45	 	虹魔蝎卫8	 	30	 	1	 	59
H008	 	40	 	45	 	虹魔猪卫8	 	30	 	1	 	59
H008	 	40	 	45	 	虹魔蝎卫0	 	30	 	1	 	31
H008	 	40	 	45	 	虹魔猪卫0	 	30	 	1	 	31
H008	 	25	 	29	 	虹魔教主8	 	10	 	1	 	61

H008	 	20	 	45	 	祖玛卫士8	 	10	 	5	 	60
H008	 	40	 	25	 	祖玛卫士3	 	10	 	5	 	60
H008	 	65	 	35	 	祖玛雕像8	 	10	 	5	 	60
H008	 	40	 	65	 	祖玛雕像3	 	10	 	5	 	60
H008	 	40	 	45	 	祖玛弓箭手8	 	50	 	15	 	60
H808            23              29              魔龙教主                0              1               120
H008            40              45              魔龙战将                50              2               60 
H008            40              45              魔龙巨蛾                50              2               60 
H008            40              45              魔龙力士                50              2               60 
       
;幻境九层	 		 		 		 		 		 	
H009	 	128	 	91	 	月魔蜘蛛8	 	200	 	20	 	10
H009	 	128	 	91	 	天狼蜘蛛8	 	200	 	10	 	8
H009	 	128	 	91	 	钢牙蜘蛛8	 	200	 	30	 	10
H009	 	128	 	91	 	花吻蜘蛛8	 	200	 	30	 	10
H009	 	128	 	91	 	黑锷蜘蛛8	 	200	 	5	 	12
H009	 	242	 	152	 	天狼蜘蛛8	 	150	 	30	 	8
H009	 	242	 	152	 	钢牙蜘蛛8	 	150	 	20	 	10
H009	 	242	 	152	 	花吻蜘蛛8	 	150	 	20	 	10
H009	 	242	 	152	 	黑锷蜘蛛8	 	150	 	5	 	12
H009	 	66	 	208	 	月魔蜘蛛8	 	150	 	10	 	10
H009	 	66	 	208	 	天狼蜘蛛8	 	150	 	10	 	8
H009	 	66	 	208	 	钢牙蜘蛛8	 	150	 	20	 	10
;特殊
H009	 	159	 	108	 	花吻蜘蛛8	 	8	 	15	 	10
H009	 	159	 	108	 	黑锷蜘蛛8	 	8	 	15	 	12
H009	 	159	 	108	 	月魔蜘蛛8	 	8	 	8	 	10
H009	 	159	 	108	 	天狼蜘蛛8	 	8	 	15	 	8
H009	 	159	 	108	 	钢牙蜘蛛8	 	8	 	15	 	10
	

H010  200  200     牛魔侍卫8        200        150      10
H010  200  200     牛魔法师8        200        150      10
H010  200  200     牛魔将军8        200        150      10
H010  200  200     牛魔祭司8        200        150      11

H010  326  327     暗之赤月恶魔     0        1          120
H010  369  34      暗之触龙神       0        1          120
H010  53   56      暗之牛魔王       0        1          120

;特殊
H010  369  34      牛魔斗士         8        8      10
H010  369  34      牛魔侍卫8        8        8      10
H010  369  34      牛魔法师8        8        4      10
H010  369  34      牛魔将军8        8        8      10
H010  369  34      牛魔祭司8        8        8      11

H010  53   56      牛魔斗士         14        8      10
H010  53   56      牛魔侍卫8        14        8      10
H010  53   56      牛魔法师8        14        4      10
H010  53   56      牛魔将军8        14        8      10
H010  53   56      牛魔祭司8        14        8      11

H010  326  327      牛魔斗士         14        8      10
H010  326  327      牛魔侍卫8        14        8      10
H010  326  327      牛魔法师8        14        4      10
H010  326  327      牛魔将军8        14        8      10
H010  326  327      牛魔祭司8        14        8      11






 		 		 		 		 	
H104	 	55	 	27	 	黑色恶蛆8	 	50	 	20	 	7
H104	 	89	 	81	 	黑色恶蛆8	 	50	 	20	 	8
H104	 	51	 	131	 	黑色恶蛆8	 	50	 	20	 	9
H104	 	126	 	37	 	黑色恶蛆8	 	50	 	20	 	10
H104	 	162	 	92	 	黑色恶蛆8	 	50	 	20	 	7
H104	 	55	 	27	 	巨型蠕虫8	 	50	 	21	 	8
H104	 	89	 	81	 	巨型蠕虫8	 	50	 	21	 	9
H104	 	51	 	131	 	巨型蠕虫8	 	50	 	21	 	10
H104	 	126	 	37	 	巨型蠕虫8	 	50	 	21	 	7
H104	 	162	 	92	 	巨型蠕虫8	 	50	 	21	 	8
H104	 	55	 	27	 	钳虫8	 	        50	 	20	 	9
H104	 	89	 	81	 	钳虫8	 	        50	 	20	 	10
H104	 	51	 	131	 	钳虫8	 	        50	 	20	 	7
H104	 	126	 	37	 	钳虫8	 	        50	 	20	 	8
H104	 	162	 	92	 	钳虫8	 	        50	 	20	 	9
H104	 	55	 	27	 	蜈蚣8	 	        50	 	20	 	10
H104	 	89	 	81	 	蜈蚣8	 	        50	 	20	 	7
H104	 	51	 	131	 	蜈蚣8	 	        50	 	20	 	8
H104	 	126	 	37	 	蜈蚣8	 	        50	 	20	 	9
H104	 	162	 	92	 	蜈蚣8	 	        50	 	20	 	10
H104	 	100	 	100	 	钳虫8	 	       100	 	20	 	11
H104	 	100	 	100	 	钳虫8	 	       100	 	20	 	12
H104	 	100	 	100	 	蜈蚣8	 	       100	 	20	 	13
H104	 	100	 	100	 	蜈蚣8	 	       100	 	20	 	14
H104	 	100	 	100	 	邪恶钳虫8	 	100	 	1	 	60
H104	 	100	 	100	 	黑色恶蛆8	 	100	 	1	 	15
H104	 	100	 	100	 	巨型蠕虫8	 	100	 	1	 	16
H104	 	100	 	100	 	钳虫8	 	       100	 	1	 	17
H104	 	100	 	100	 	蜈蚣8	 	      100	 	1	 	19


H102	 	251	 	41	 	红野猪8	 	30	 	7	 	12
H102	 	321	 	72	 	红野猪8	 	30	 	7	 	13
H102	 	363	 	146	 	红野猪8	 	30	 	7	 	14
H102	 	172	 	59	 	红野猪8	 	30	 	7	 	15
H102	 	210	 	93	 	红野猪8	 	30	 	7	 	16
H102	 	262	 	140	 	红野猪8	 	30	 	7	 	17
H102	 	309	 	19	 	红野猪8	 	30	 	7	 	18
H102	 	350	 	303	 	红野猪8	 	30	 	7	 	19
H102	 	111	 	105	 	红野猪8	 	30	 	7	 	11
H102	 	158	 	149	 	红野猪8	 	30	 	7	 	12
H102	 	200	 	200	 	红野猪8	 	30	 	7	 	13
H102	 	262	 	140	 	黑野猪8	 	30	 	5	 	14
H102	 	309	 	19	 	黑野猪8	 	30	 	5	 	15
H102	 	350	 	303	 	黑野猪8	 	30	 	5	 	16
H102	 	111	 	105	 	黑野猪8	 	30	 	5	 	17
H102	 	158	 	149	 	黑野猪8	 	30	 	5	 	18
H102	 	114	 	314	 	黑野猪8	 	30	 	5	 	19
H102	 	304	 	340	 	黑野猪8	 	30	 	5	 	20
H102	 	100	 	100	 	黑野猪8	 	100	 	1	 	5
H102	 	300	 	100	 	黑野猪8	 	100	 	1	 	6
H102	 	100	 	300	 	黑野猪8	 	100	 	1	 	7
H102	 	300	 	300	 	黑野猪8	 	100	 	1	 	8
H102	 	251	 	41	 	黑色恶蛆8	 	30	 	5	 	10
H102	 	321	 	72	 	黑色恶蛆8	 	30	 	5	 	11
H102	 	363	 	146	 	黑色恶蛆8	 	30	 	5	 	12
H102	 	172	 	59	 	黑色恶蛆8	 	30	 	5	 	13
H102	 	210	 	93	 	黑色恶蛆8	 	30	 	5	 	14
H102	 	262	 	140	 	黑色恶蛆8	 	30	 	5	 	15
H102	 	309	 	19	 	黑色恶蛆8	 	30	 	5	 	16
H102	 	350	 	303	 	黑色恶蛆8	 	30	 	5	 	17
H102	 	111	 	105	 	黑色恶蛆8	 	30	 	5	 	18
H102	 	153	 	237	 	黑色恶蛆8	 	30	 	5	 	19
H102	 	112	 	250	 	黑色恶蛆8	 	30	 	5	 	20
H102	 	114	 	314	 	黑色恶蛆8	 	30	 	5	 	21
H102	 	304	 	340	 	黑色恶蛆8	 	30	 	5	 	22
H102	 	200	 	200	 	楔蛾8	 	       200	 	35	 	10

H105	 	100	 	90	 	骷髅长枪兵8	 	100	 	20	 	21
H105	 	100	 	90	 	骷髅刀斧手8	 	100	 	20	 	22
H105	 	100	 	90	 	骷髅弓箭手8	 	100	 	20	 	23
H105	 	100	 	90	 	骷髅长枪兵8	 	100	 	20	 	21
H105	 	100	 	90	 	骷髅刀斧手8	 	100	 	20	 	22
H105	 	100	 	90	 	骷髅弓箭手8	 	100	 	20	 	23
H105	 	100	 	90	 	骷髅长枪兵8	 	100	 	20	 	21
H105	 	100	 	90	 	骷髅刀斧手8	 	100	 	20	 	22
H105	 	100	 	90	 	骷髅弓箭手8	 	100	 	20	 	23
H105	 	100	 	90	 	骷髅弓箭手8	 	100	 	2	 	24



;沙巴克影之道一层
H201  100   100   僵尸1           100   15    8
H201  100   100   僵尸4           100   20    9
H201  100   100   僵尸5           100   10    10
H201  100   100   尸王            100   10    30
H201  100   100   尸王3           100   5     31
H201  100   100   僵尸10          100   1     60
H201  100   100   僵尸40          100   1     60
H201  100   100   僵尸50          100   1     60
H201  100   100   僵尸1           100   15    7
H201  100   100   僵尸4           100   20    7
H201  100   100   僵尸5           100   10    11
H201  100   100   尸王            100   10    31
H201  100   100   尸王3           100   5     32
H201  100   100   僵尸10          100   1     100
H201  100   100   僵尸40          100   1     100
H201  100   100   僵尸50          100   1     100


;沙巴克影之道二层
H202  100   100  祖玛卫士8        100   30     30
H202  100   100  祖玛卫士8        100   10     28
H202  100   100  祖玛卫士8        100   10      11
H202  100   100  祖玛弓箭手8      100   20     31
H202  100   100  祖玛弓箭手8      100   20     32
H202  100   100  祖玛弓箭手8      100   10     29
H202  100   100  祖玛雕像8        100   30     11
H202  100   100  祖玛雕像8        100   10     24
H202  100  100    楔蛾8           100   20     8

;特殊
H202  83     26  祖玛卫士8        5   15     11
H202  83     26  祖玛弓箭手8      5   10     29
H202  83     26  祖玛雕像8         5   10     11
H202  83     26  祖玛雕像8        5   10     24
H202  83     26    楔蛾8          10   20     8

;沙巴克影之道三层
H203  100   100  祖玛卫士8        100   20    30
H203  100   100  祖玛卫士8        100   30    25
H203  100   100  祖玛卫士8        100   50    18
H203  100   100  祖玛弓箭手8      100   30    10
H203  100   100  祖玛雕像8        100   60    20
H203  100   100  祖玛雕像8        100   50    25
H203  100   100  祖玛弓箭手8      100   30    25

;特殊
H203  83     26  祖玛卫士8        13   25     11
H203  83     26  祖玛弓箭手8      13   10     29
H203  83     26  祖玛雕像8         13   10     11
H203  83     26  祖玛雕像8        13   10     24
H203  83     26    楔蛾8          10    5     8

;沙巴克藏宝阁
H204  100  100  重装使者  	  20    1    120
H204  100  100   地藏王   	  50    1    120 
H204  100  100   地藏魔王   	  50    1    120 
H204  100  50   祖玛教主   	  140   1    60
H204  100 100   沃玛教主   	  140   1    60
H204  100 100   黄泉教主  	  100   1    60
H204  100 100   虹魔教主  	  100   1    60
H204  100 100   虹魔猪卫   	  100   2    60
H204  100 100   虹魔蝎卫   	  100   2    60
H204  100 100   邪恶毒蛇   	  100   5    15
H204  100 100   白野猪     	  100   10   25
H204  100 100   沃玛卫士8   	  100   20   10
H204  100 100   祖玛卫士8   	  100   20   15
H204  100 100   祖玛雕像8   	  100   10   15
H204  100 100   祖玛弓箭手8       100   30   30
H204  100 100   楔蛾8             100   20   8
H204  100 100   楔蛾8             100   20   11
H204  100 100   暗之沃玛教主0      150   1    60
H204  100 100   暗之骷髅精灵0      150   1    60
H204  100 100   暗之双头金刚0      150   1    60
H204  100 100   暗之双头血魔0      150   1    60
H204  100 100   暗之黄泉教主0      150   1    60
H204  100 100   暗之虹魔教主0      150   1    60
H204  50  50    虹魔猪卫          200   4    30
;极限之地
;D2052A 80    61    圣域恶魔          2     2     60   
;D2052A 80    61    赤月恶魔          2     2     60    
;D2052A 50    50    地狱卫士          50    20    10
;D2052A 63    68    暗之触龙神        0     2     60
;D2052A 14    54    暗之魔龙教主      0     1     360
;D2052A 50    50    赤月恶魔          50    10    60
;D2052A 50    50    触龙神            50    20    60
;D2052A 39    28    隐子使者          0     1     60
;D2052A 50    50    花吻蜘蛛9         50    50    10
;D2052A 50    50    电僵王8           50    50    60  
;D2052A 50    50    地狱教主          50    1     120
;D2052A 50    50    邪恶圣战          50    1     120
;D2052A 50    50    邪恶法神          50    1     120
;D2052A 50    50    邪恶天尊          50    1     120
;D2052A 50    50    邪恶圣战          50    1     120
;D2052A 60    69    钳虫王           50     10    60
;D2052A 85    68    暗之触龙神8      0      1    120
;D2052A 85    68    地狱卫士         50    50    10
;D2052A 85    68    暗之双头金刚	 0	 1	 	120
;D2052A 85    68    暗之虹魔教主	 0	 1	 	120
;D2052A 85    68    暗之骷髅精灵	 0	 1	 	120
;D2052A 85    68    暗之沃玛教主	 0	 1	 	120
;D2052A 85    68    暗之双头血魔	 0	 1	 	120
;D2052A 85    68    暗之黄泉教主	 0	 1	 	120
;D2052A 85    68    暗之牛魔王	 0	 1	 	120
;D2052A 85    68    魔龙教主      0        1              360
;D2052A 85    68    月魔蜘蛛      50    50    10
;------------------------------------------------------
;地图名：B0SS之家
;F010 100 100 火龙教主 100 1 120
;F010 100 100 祖玛教主 100 1 120
;F010 100 100 王者守护神 100 1  120
;F010 100 100 暗之赤月恶魔 100 1 120
;F010 51  45 千年树妖 0 1 120
;F010 159 144 千年树妖 0 1 120
;F010 77  121 千年树妖 0 1 120
;F010 30  361  千年树妖 0 1 120
;F010 100 100 暗之触龙神 100 1  120
;F010 100 100 魔龙教主 100 1  120
;F010 100 100 蚩尤 100  1  120
;F010 100 100 虹魔教主 100  5  120
;F010 100 100 双头金刚 100  10  120
;F010 100 100 双头血魔 100  10  120
;F010 100 100 赤月恶魔 100  5  120
;情缘峡谷------------------------------------v


;-----------------------------------------------------------





	


;魔龙殿堂

T339a  100   100    月魔蜘蛛       50    5    10


霸者大厅
lj01 41    74    黑色恶蛆             100   35    2
lj01 41    74    黑色恶蛆           100   25     3
lj01 41    74    黑色恶蛆          100   25    1
lj01 41    74    黑色恶蛆           100   25    3
lj01 41    74    黑色恶蛆         100   40    4
lj01 41    74    黑色恶蛆             100   2     5
lj01 41    74    黑色恶蛆          100   30    2
lj01 41    74    黑色恶蛆          100   20    3
lj01 41    74    黑色恶蛆          100   50    1
lj01 41    74    黑色恶蛆           100   10    1
lj01 41    74    黑色恶蛆             100   10    5
lj01 41    74    黑色恶蛆           100   10    1
lj01 41    74    黑色恶蛆             100   10    5
lj01 41    74    黑色恶蛆           100   10    1
lj01 41    74    黑色恶蛆             100   10    5
lj01 41    74    黑色恶蛆           100   10    1
lj01 41    74    黑色恶蛆             100   10    5
lj01 41    74    黑色恶蛆           100   10    1
lj01 41    74    黑色恶蛆             100   10    5
lj01 41    74    黑色恶蛆           100   10    1
lj01 41    74    黑色恶蛆             100   10    5
lj01 41    74    黑色恶蛆           100   10    1
lj01 41    74    黑色恶蛆             100   10    5
lj01 41    74    黑色恶蛆           100   10    1
lj01 41    74    黑色恶蛆             100   10    5
lj01 41    74    黑色恶蛆           100   10    1
lj01 41    74    黑色恶蛆             100   10    5
lj01 41    74    黑色恶蛆           100   10    1
lj01 41    74    黑色恶蛆             100   10    5
lj01 41    74    黑色恶蛆           100   10    1
lj01 41    74    黑色恶蛆             100   10    5
lj01 41    74    黑色恶蛆           100   10    1
lj01 41    74    黑色恶蛆             100   10    5
lj01 41    74    黑色恶蛆           100   10    1
lj01 41    74    黑色恶蛆             100   10    5
lj01 41    74    黑色恶蛆           100   10    1
lj01 41    74    黑色恶蛆             100   10    5

幽冥回廊
lj02 41    44    白野猪           200     20     1
lj02 41    44    白野猪0          200     20    2
lj02 41    44    白野猪           200     20     1
lj02 41    44    白野猪0          200     20    2
lj02 41    44    白野猪           200     20     1
lj02 41    44    白野猪0          200     20    2
lj02 41    44    白野猪           200     20     1
lj02 41    44    白野猪0          200     20    2
lj02 41    44    白野猪           200     20     1
lj02 41    44    白野猪0          200     20    2
lj02 41    44    白野猪           200     20     1
lj02 41    44    白野猪0          200     20    2
lj02 41    44    白野猪           200     20     1
lj02 41    44    白野猪0          200     20    2
lj02 41    44    白野猪           200     20     1
lj02 41    44    白野猪0          200     20    2
lj02 41    44    白野猪           200     20     1
lj02 41    44    白野猪0          200     20    2
lj02 41    44    白野猪           200     20     1
lj02 41    44    白野猪0          200     20    2
lj02 41    44    白野猪           200     20     1
lj02 41    44    白野猪0          200     20    2

纵横道
lj03 41    44    邪恶毒蛇           100   5     1
lj03 41    44    邪恶毒蛇           100   5     2
lj03 41    44    邪恶毒蛇           100   5     1
lj03 41    44    邪恶毒蛇           100   5     2
lj03 41    44    邪恶毒蛇           100   5     1
lj03 41    44    邪恶毒蛇           100   5     2
lj03 41    44    邪恶毒蛇           100   5     1
lj03 41    44    邪恶毒蛇           100   5     2
lj03 41    44    邪恶毒蛇           100   5     1
lj03 41    44    邪恶毒蛇           100   5     2
lj03 41    44    邪恶毒蛇           100   5     1
lj03 41    44    邪恶毒蛇           100   5     2
lj03 41    44    邪恶毒蛇           100   5     1
lj03 41    44    邪恶毒蛇           100   5     2
lj03 41    44    邪恶毒蛇           100   5     1
lj03 41    44    邪恶毒蛇           100   5     2
lj03 41    44    邪恶毒蛇           100   5     1
lj03 41    44    邪恶毒蛇           100   5     2
lj03 41    44    邪恶毒蛇           100   5     1
lj03 41    44    邪恶毒蛇           100   5     2
lj03 41    44    邪恶毒蛇           100   5     1
lj03 41    44    邪恶毒蛇           100   5     2
lj03 41    44    邪恶毒蛇           100   5     1
lj03 41    44    邪恶毒蛇           100   5     2
lj03 41    44    邪恶毒蛇           100   5     1
lj03 41    44    邪恶毒蛇           100   5     2
lj03 41    44    邪恶毒蛇           100   5     1
lj03 41    44    邪恶毒蛇           100   5     2
lj03 41    44    邪恶毒蛇           100   5     1
lj03 41    44    邪恶毒蛇           100   5     2
lj03 41    44    邪恶毒蛇           100   5     1
lj03 41    44    邪恶毒蛇           100   5     2
lj03 41    44    邪恶毒蛇           100   5     1
lj03 41    44    邪恶毒蛇           100   5     2
lj03 41    44    邪恶毒蛇           100   5     1
lj03 41    44    邪恶毒蛇           100   5     2
lj03 41    44    邪恶毒蛇           100   5     1
lj03 41    44    邪恶毒蛇           100   5     2
lj03 41    44    邪恶毒蛇           100   5     1
lj03 41    44    邪恶毒蛇           100   5     2
lj03 41    44    邪恶毒蛇           100   5     1
lj03 41    44    邪恶毒蛇           100   5     2




炼狱回廊
lj05 41    44    红野猪           100   5     1
lj05 41    44    黑野猪           100   5     2
lj05 41    44    红野猪           100   5     1
lj05 41    44    黑野猪           100   5     2
lj05 41    44    红野猪           100   5     1
lj05 41    44    黑野猪           100   5     2
lj05 41    44    红野猪           100   5     1
lj05 41    44    黑野猪           100   5     2
lj05 41    44    红野猪           100   5     1
lj05 41    44    黑野猪           100   5     2
lj05 41    44    红野猪           100   5     1
lj05 41    44    黑野猪           100   5     2
lj05 41    44    红野猪           100   5     1
lj05 41    44    黑野猪           100   5     2
lj05 41    44    红野猪           100   5     1
lj05 41    44    黑野猪           100   5     2
lj05 41    44    红野猪           100   5     1
lj05 41    44    黑野猪           100   5     2
lj05 41    44    红野猪           100   5     1
lj05 41    44    黑野猪           100   5     2
lj05 41    44    红野猪           100   5     1
lj05 41    44    黑野猪           100   5     2
lj05 41    44    红野猪           100   5     1
lj05 41    44    黑野猪           100   5     2
lj05 41    44    红野猪           100   5     1
lj05 41    44    黑野猪           100   5     2

封魔殿

LJ06 41    44    祖玛卫士           200     20     1
LJ06 41    44    祖玛雕像           100   5     2
LJ06 41    44    祖玛卫士           200     20     1
LJ06 41    44    祖玛雕像           100   5     2
LJ06 41    44    祖玛卫士           200     20     1
LJ06 41    44    祖玛雕像           100   5     2
LJ06 41    44    祖玛卫士           200     20     1
LJ06 41    44    祖玛雕像           100   5     2
LJ06 41    44    祖玛卫士           200     20     1
LJ06 41    44    祖玛雕像           100   5     2
LJ06 41    44    祖玛卫士           200     20     1
LJ06 41    44    祖玛雕像           100   5     2
LJ06 41    44    祖玛卫士           200     20     1
LJ06 41    44    祖玛雕像           100   5     2
LJ06 41    44    祖玛卫士           200     20     1
LJ06 41    44    祖玛雕像           100   5     2
LJ06 41    44    祖玛卫士           200     20     1
LJ06 41    44    祖玛雕像           100   5     2
LJ06 41    44    祖玛卫士           200     20     1
LJ06 41    44    祖玛雕像           100   5     2
LJ06 41    44    祖玛卫士           200     20     1
LJ06 41    44    祖玛雕像           100   5     2
LJ06 41    44    祖玛卫士           200     20     1
LJ06 41    44    祖玛雕像           100   5     2
LJ06 41    44    祖玛卫士           200     20     1
LJ06 41    44    祖玛雕像           100   5     2
LJ06 41    44    祖玛卫士           200     20     1
LJ06 41    44    祖玛雕像           100   5     2
LJ06 41    44    祖玛卫士           200     20     1
LJ06 41    44    祖玛雕像           100   5     2

;毒蛇矿区
D421	200	200	僵尸2	180	10	8
D421	200	200	僵尸3	180	10	8
D421	200	200	僵尸4	180	10	8
D421	200	200	僵尸2	180	10	8
D421	200	200	僵尸3	180	10	8
D421	200	200	僵尸4	180	10	8
D421	200	200	僵尸2	180	10	8
D421	200	200	僵尸3	180	10	8
D421	200	200	僵尸4	180	10	8
D421	200	200	僵尸2	180	10	8
D421	200	200	僵尸3	180	10	8
D421	200	200	僵尸4	180	10	8
D421	200	200	僵尸2	180	10	8
D421	200	200	僵尸3	180	10	8
D421	200	200	僵尸4	180	10	8
D421	100	100	尸王	100	1	120
D421	100	100	尸王3	100	1	180
D421	200	200	僵尸20	180	1	100
D421	200	200	僵尸30	180	1	100
D421	200	200	僵尸40	180	1	100

;未知暗殿
M001	200	200	鹿1	200	5	50
M001	200	200	鹿	200	3	280
M001	200	200	稻草人1	200	6	10
M001	200	200	稻草人	200	3	180
M001	200	200	巨型多角虫1	200	56	10
M001	200	200	巨型多角虫	200	50	180
M001	200	200	半兽勇士1	200	50	10
M001	200	200	半兽勇士	200	10	180
M001	200	200	骷髅精灵1	200	50	50
M001	200	200	骷髅精灵	200	10	60
M001	200	200	尸王1	200	10	50       10
M001	200	200	尸王	200	1	80     10
M001	200	200	沃玛卫士1	200	38	10
M001	200	200	沃玛卫士	200	10	60
M001	200	200	邪恶钳虫1	200	88	10
M001	200	200	邪恶钳虫	200	10	60
M001	200	200	白野猪1	200	1	300      15
M001	200	200	白野猪	200	1	400       15
M001	200	200	邪恶毒蛇1	200	40	14
M001	200	200	邪恶毒蛇	200	40	50
M001	200	200	沃玛教主1	200	400	15
M001	200	200	沃玛教主1	200	400	16
M001	200	200	沃玛教主1	200	400	17
M001	200	200	沃玛教主1	200	400	18
M001	200	200	沃玛教主1	200	400	19
M001	200	200	沃玛教主1	200	400	8
M001	200	200	沃玛教主	200	1	60



F003    50      50      梅花鹿          50       20     35

F003    48      41      千年树妖         0         1      120

